-2.51580	+0.17055	-7.94580	+0.10349	-107.56884	-0.64632
-3.05640	+0.22632	+1.73040	+0.09991	+150.48336	-0.01529
-8.22779	+0.12941	+8.92080	+0.24065	+132.68582	-0.01222
-16.20840	+0.22126	+12.76080	+0.19214	+141.78679	-0.00420
-25.28700	+0.18474	+11.60040	+0.09075	+155.35672	-0.00412
-32.80921	+0.27564	+5.61120	+0.14928	+170.29488	-0.00904
-36.49440	+0.28547	-2.37960	+0.09372	-176.26934	-0.00934
-34.79039	+1.25147	-10.32300	+0.29508	-163.47334	-0.02515
-30.47880	+0.26027	-18.40620	+0.19038	-148.87216	-0.02442
-24.27841	+0.33348	-22.73099	+0.13396	-136.88534	-0.03735
-14.59260	+0.32876	-21.11280	+0.16266	-124.65117	-0.08449
-6.88680	+0.11363	-16.02180	+0.09934	-113.25992	-0.15964
