-35.48279	+0.61230	+16.66380	+0.24883	+154.84382	-0.00370
-31.15620	+0.29536	+22.75680	+0.15019	+143.85523	+0.00030
-22.60559	+0.13990	+27.07680	+0.13578	+129.85748	+0.00352
-14.77200	+0.59566	+26.36341	+0.23140	+119.26288	+0.06068
-6.53400	+0.11296	+21.57780	+0.13686	+106.84690	+0.11325
-2.62380	+0.07772	+12.76020	+0.10533	+101.61942	+0.39303
-3.73860	+0.14772	+3.62220	+0.21766	+135.90597	-0.02519
-9.82680	+0.10986	-3.93480	+0.18612	-158.17810	-0.05741
-17.91840	+0.21853	-6.80280	+0.11133	-159.21051	-0.02853
-26.10601	+0.21433	-5.71260	+0.04577	-167.65691	-0.01208
-32.88480	+0.35704	-0.82440	+0.16292	-178.56393	-0.01273
-36.43861	+0.26227	+7.13220	+0.13453	+168.92540	-0.00731
