-3.50880	+0.23690	-5.79060	+0.11703	-121.21367	-0.32642
-8.05020	+0.11490	+8.31300	+0.12994	+134.07986	-0.00130
-16.38540	+0.13480	+12.99840	+0.20809	+141.57533	-0.01006
-21.93240	+0.71829	+11.55600	+0.15794	+152.21563	+0.00224
-29.97480	+0.24326	+7.57320	+0.06067	+165.82082	-0.00406
-34.44241	+0.31908	-0.25320	+0.12170	-179.57880	-0.01025
-34.77419	+0.23897	-8.36220	+0.14199	-166.47873	-0.01422
-30.52021	+0.24830	-16.38300	+0.18321	-151.77347	-0.02279
-23.24880	+0.19499	-18.89880	+0.36726	-140.89257	-0.04151
-13.80660	+0.25673	-18.78359	+0.12703	-126.31719	-0.07574
-5.90640	+0.96028	-13.67040	+0.20051	-113.36713	-0.45982
-3.24600	+0.67183	-4.47900	+0.16656	-125.93142	-0.47416
