-3.94560	+0.14461	+2.97840	+0.24093	+142.95209	-0.05165
-8.87880	+0.71195	+10.00620	+0.09928	+131.58358	+0.07161
-17.85300	+0.13899	+12.15180	+0.08659	+145.75850	-0.00227
-24.00361	+0.77961	+12.37920	+0.22249	+152.71884	-0.00068
-31.90260	+0.33006	+6.04980	+0.16640	+169.26231	-0.00937
-34.88040	+0.35034	-2.22420	+0.15135	-176.35139	-0.01224
-34.27439	+0.29529	-10.52640	+0.13719	-162.92716	-0.01568
-29.35440	+0.27910	-15.30480	+0.14233	-152.46336	-0.02224
-22.16161	+0.27606	-18.98880	+0.18521	-139.40894	-0.03973
-13.17421	+0.12926	-18.07560	+0.19527	-126.08604	-0.07099
-6.82020	+0.45635	-13.80420	+0.20980	-116.29245	-0.26764
-3.15360	+0.33804	-4.38840	+0.19828	-125.70185	-0.39775
