=============172355.0	-54619.50833333334
333910.0	-113439.01666666666
530265.0	-426058.525
352820.0	-423078.0333333334
193375.0	-412297.54166666674
51930.0	-393117.0500000001
-72715.0	-265936.55833333347
-197360.0	-133356.0666666668
-305805.0	3424.4249999998647
-504250.0	-4395.083333333474
-679895.0	22585.408333333187
-830940.0	78965.89999999985
-934585.0	232546.39166666652
-1034030.0	387926.8833333331
-1123275.0	554107.3749999998
-1327120.0	572687.8666666665
-1533965.0	580468.3583333332
-1656810.0	716648.8499999999
-1780855.0	858829.3416666666
-1905500.0	1009409.8333333333
-2028345.0	1158790.325
-2173990.0	1295570.8166666667
-2389835.0	1269151.3083333333
-2583480.0	1270931.8
-2758525.0	1296112.2916666667
-2916170.0	1350692.7833333334
-3046215.0	1471273.2750000001
-3177460.0	1594253.7666666668
-3311705.0	1721434.2583333335
-3430950.0	1849814.7500000002
-3613795.0	1847395.241666667
-3795440.0	1814975.7333333336
-3968685.0	1818556.2250000003
-4128730.0	1848536.716666667
-4232375.0	1958917.2083333337
-4340820.0	2074097.7000000004
-4436665.0	2193478.191666667
-4534310.0	2316458.6833333336
-4639155.0	2439439.1750000003
-4770400.0	2525819.666666667
-4924445.0	2433400.1583333337
-5071890.0	2369780.6500000004
-5208535.0	2334361.141666667
-5317580.0	2373941.633333334
-5430225.0	2409322.1250000005
-5544670.0	2445302.616666667
-5660915.0	2481883.108333334
-5767560.0	2517263.6000000006
-5883205.0	2524444.0916666673
-5977250.0	2408624.583333334
-6026895.0	2266405.0750000007
-6072940.0	2143385.5666666673
-6114185.0	2040766.058333334
-6159030.0	1991546.5500000007
-6209275.0	1938727.0416666674
-6263120.0	1881707.5333333341
-6318165.0	1842688.0250000008
-6376810.0	1797068.5166666675
-6447455.0	1733449.0083333342
-6456300.0	1596029.500000001
-6455545.0	1471809.9916666676
-6461390.0	1406990.4833333343
-6473835.0	1338570.975000001
-6491680.0	1268951.4666666677
-6511325.0	1201131.9583333344
-6520170.0	1057112.4500000011
-6521215.0	910092.9416666678
-6518060.0	779873.4333333345
-6513105.0	662853.9250000012
-6527950.0	587834.4166666679
-6545795.0	508614.90833333455
-6580440.0	437195.4000000012
-6637885.0	361575.8916666678
-6659930.0	210356.3833333345
-6675975.0	54936.87500000116
-6678220.0	-92082.63333333217
-6682265.0	-221702.14166666547
-6693510.0	-298521.6499999988
-6713155.0	-375941.15833333216
-6738200.0	-457560.6666666655
-6777645.0	-523580.17499999894
-6826690.0	-590199.6833333322
-6894335.0	-683219.1916666655
-6923580.0	-853038.6999999988
-6945025.0	-1004258.2083333321
-6968270.0	-1140477.7166666654
-7005915.0	-1204697.2249999987
-7049560.0	-1269516.733333332
-7097405.0	-1340936.2416666653
-7140450.0	-1403355.7499999986
-7197895.0	-1456175.258333332
-7266740.0	-1526394.7666666652
-7301985.0	-1684814.2749999985
-7331230.0	-1852833.7833333318
-7356875.0	-1990853.291666665
-7377120.0	-2113272.7999999984
-7415365.0	-2181092.3083333317
-7459010.0	-2255511.816666665
-7504455.0	-2332331.3249999983
-7558900.0	-2395350.8333333316
-7622945.0	-2472170.341666665
-7656990.0	-2629389.849999998
-7684435.0	-2792609.3583333315
-7696880.0	-2936628.866666665
-7709925.0	-3068648.374999998
-7731970.0	-3131667.8833333314
-7764215.0	-3199487.3916666647
-7801860.0	-3278706.899999998
-7846705.0	-3337526.4083333313
-7911950.0	-3407745.9166666646
-7936995.0	-3561365.424999998
-7941040.0	-3698784.9333333313
-7934885.0	-3827204.4416666646
-7929930.0	-3947823.949999998
-7940575.0	-4021643.458333331
-7953020.0	-4101462.9666666645
-7961865.0	-4176482.474999998
-7985110.0	-4246701.9833333315
-8033555.0	-4325921.491666665
-8056800.0	-4485540.999999999
-8071645.0	-4630760.508333333
-8085890.0	-4751380.016666667
-8124135.0	-4821599.525
-8167780.0	-4895419.033333334
-8210825.0	-4957838.541666668
-8269470.0	-5008258.050000002
-8343715.0	-5068277.558333335
-8387360.0	-5223697.066666669
-8428605.0	-5392316.575000003
-8457250.0	-5524336.083333337
-8517695.0	-5565155.5916666705
-8584740.0	-5605375.100000004
-8654185.0	-5627594.608333338
-8730830.0	-5657614.116666672
-8825475.0	-5712233.625000006
-8903320.0	-5861053.133333339
-8970965.0	-6015872.641666673
-9044010.0	-6140692.150000007
-9120655.0	-6243311.658333341
-9211700.0	-6248731.166666674
-9309345.0	-6252350.675000008
-9415990.0	-6229570.183333342
-9532835.0	-6198989.691666676
-9668880.0	-6176809.2000000095
-9815725.0	-6290228.708333343
-9958970.0	-6411448.216666677
-10102815.0	-6474467.725000011
-10235260.0	-6500287.233333345
-10355705.0	-6405506.741666678
-10489950.0	-6312526.250000012
-10613995.0	-6202745.758333346
-10738640.0	-6074365.26666668
-10869285.0	-5945984.775000013
-11069530.0	-5973604.283333347
-11272775.0	-6016223.791666681
-11455620.0	-6022243.300000015
-11609665.0	-5962862.8083333485
-11724710.0	-5830282.316666682
-11840355.0	-5699501.825000016
-11950600.0	-5566921.33333335
-12053645.0	-5420540.841666684
-12243690.0	-5411560.350000017
-12433135.0	-5416979.858333351
-12611180.0	-5384599.366666685
-12776625.0	-5333618.875000019
-12894070.0	-5202838.383333352
-13014515.0	-5074457.891666686
-13116360.0	-4943677.40000002
-13223005.0	-4805096.908333354
-13352450.0	-4676116.4166666875
-13537095.0	-4692935.925000021
-13728340.0	-4726555.433333355
-13905185.0	-4730774.941666689
-14024430.0	-4595794.450000023
-14143075.0	-4465613.958333356
-14244920.0	-4318033.46666669
-14356965.0	-4175852.9750000234
-14475610.0	-4034272.4833333567
-14669255.0	-4045091.99166669
-14860500.0	-4069711.5000000233
-15023545.0	-4034331.0083333566
-15140990.0	-3897550.51666669
-15253635.0	-3757770.025000023
-15362080.0	-3610189.5333333565
-15463925.0	-3455409.04166669
-15662370.0	-3434428.550000023
-15864415.0	-3429048.0583333564
-16046660.0	-3393667.5666666897
-16211505.0	-3333087.075000023
-16339750.0	-3191506.5833333563
-16462595.0	-3051126.0916666896
-16571640.0	-2899345.600000023
-16688485.0	-2738565.108333356
-16818530.0	-2581984.6166666895
-17025975.0	-2578404.125000023
-17210020.0	-2537023.633333356
-17371265.0	-2459043.1416666894
-17494110.0	-2306062.6500000227
-17618155.0	-2155482.158333356
-17731400.0	-2000701.6666666893
-17841645.0	-1835721.1750000226
-17962090.0	-1678540.683333356
-18161735.0	-1667760.1916666892
-18361380.0	-1671379.7000000225
-18546025.0	-1649199.2083333558
-18691670.0	-1562818.7166666891
-18805515.0	-1423038.2250000224
-18912760.0	-1283257.7333333557
-19018205.0	-1132077.241666689
-19114050.0	-978496.7500000224
-19238695.0	-841716.2583333557
-19424540.0	-824335.766666689
-19613985.0	-820155.2750000223
-19790230.0	-788374.7833333556
-19941275.0	-731394.2916666889
-20048520.0	-594013.8000000222
-20151565.0	-462033.3083333555
-20249210.0	-323452.8166666889
-20352855.0	-176472.32500002222
-20556100.0	-187891.83333335555
-20758145.0	-214311.34166668888
-20940390.0	-197530.8500000222
-21073435.0	-70950.35833335554
-21201680.0	55630.13333331112
-21327525.0	197810.6249999778
-21441370.0	350791.1166666444
-21629015.0	369971.60833331104
-21811260.0	370552.0999999777
-21976705.0	396932.5916666443
-22103150.0	519913.08333331096
-22225995.0	637493.5749999776
-22336840.0	772474.0666666443
-22532885.0	751454.558333311
-22652130.0	893035.0499999777
-22753975.0	1040015.5416666444
-22848020.0	1192996.033333311
-23022465.0	1225376.5249999778
-23196310.0	1244557.0166666445
-23352155.0	1300937.5083333112
-23433600.0	1480917.9999999779
-23512045.0	1663298.4916666446
-23572490.0	1862478.9833333113
-23635335.0	2060459.474999978
-23711380.0	2253639.966666645
-23900825.0	2337620.4583333116
-24064470.0	2456400.9499999783
-24196315.0	2605781.441666645
-24274160.0	2815761.9333333117
-24356205.0	3027542.4249999784
-24434650.0	3241122.916666645
-24542495.0	3437903.408333312
-24748140.0	3497883.8999999785
-24932185.0	3550064.391666645
-25094030.0	3621444.883333312
-25235475.0	3742025.3749999786
-25377520.0	3861405.8666666453
-25503365.0	3995786.358333312
-25632210.0	4129566.8499999787
-25821655.0	4117547.3416666454
-26009900.0	4083927.833333312
-26178345.0	4080308.3249999788
-26290990.0	4196088.816666645
-26401835.0	4311869.308333311
-26501280.0	4431249.799999977
-26609125.0	4565030.291666644
-26779370.0	4611810.78333331
-26958615.0	4630391.274999976
-27127060.0	4666371.766666642
-27223505.0	4825352.258333309
-27328350.0	4988532.749999975
-27417595.0	5160113.241666641
-27533240.0	5322093.733333307
-27733485.0	5339474.224999974
-27923530.0	5378454.71666664
-28094975.0	5446235.208333306
-28215420.0	5593815.699999972
-28334665.0	5740796.1916666385
-28438310.0	5911176.683333305
-28540755.0	6079157.174999971
-28741000.0	6103137.666666637
-28904645.0	6180518.158333303
-29046090.0	6290898.64999997
-29113135.0	6484079.141666636
-29176580.0	6679059.633333302
-29205225.0	6900440.124999968
-29340070.0	7046820.616666635
-29479715.0	7185401.108333301
-29549160.0	7380381.599999967
-29510605.0	7604762.091666633
-29456450.0	7820142.5833332995
-29387895.0	8024723.074999966
-29458540.0	8190903.566666632
-29530985.0	8351084.058333298
-29529630.0	8549064.549999965
-29442475.0	8764445.041666633
-29352920.0	8972625.5333333
-29254965.0	9178406.024999967
-29152210.0	9379386.516666634
-29189855.0	9568967.008333301
-29239500.0	9751947.499999968
-29247145.0	9952327.991666635
-29176790.0	10171908.483333303
-29097435.0	10387288.97499997
-28990480.0	10600869.466666637
-29034125.0	10775449.958333304
-29083770.0	10939830.449999971
-29100415.0	11132410.941666638
-28995260.0	11336991.433333306
-28889505.0	11539771.924999973
-28760950.0	11737752.41666664
-28633595.0	11930932.908333307
-28646640.0	12113913.399999974
-28673485.0	12288493.891666641
-28663130.0	12487074.383333309
-28546575.0	12695854.874999976
-28427020.0	12898635.366666643
-28294265.0	13087615.85833331
-28176510.0	13281396.349999977
-28174555.0	13482976.841666644
-28181600.0	13682757.333333312
-28128645.0	13902337.824999979
-27994690.0	14119518.316666646
-27855935.0	14332498.808333313
-27718980.0	14541279.29999998
-27601225.0	14747059.791666647
-27608270.0	14940240.283333315
-27585915.0	15150220.774999982
-27484360.0	15348201.266666649
-27379205.0	15544981.758333316
-27261450.0	15728562.249999983
-27155695.0	15912142.74166665
-27177140.0	16089723.233333318
-27189585.0	16267903.724999985
-27130030.0	16467084.216666652
-27036875.0	16660864.708333319
-26929320.0	16854645.199999988
-26835565.0	17046025.691666655
-26881610.0	17211006.183333322
-26931855.0	17375386.67499999
-26907100.0	17572167.166666657
-26810945.0	17780347.658333324
-26705790.0	17980728.14999999
-26587435.0	18181708.64166666
-26620280.0	18365289.133333325
-26656125.0	18544669.624999993
-26644570.0	18746850.11666666
-26551415.0	18946030.608333327
-26446260.0	19136811.099999994
-26340505.0	19332991.59166666
-26378150.0	19499772.08333333
-26433195.0	19661752.574999996
-26412640.0	19863933.066666663
-26363885.0	20075713.55833333
-26295330.0	20274894.049999997
-26271175.0	20484274.541666664
-26397020.0	20616255.03333333
-26508465.0	20767435.525
-26574310.0	20957016.016666666
-26638355.0	21146596.508333333
-26693400.0	21346977.0
-26881645.0	21375157.491666667
-27062090.0	21405737.983333334
-27225135.0	21463918.475
-27335380.0	21619298.96666667
-27434825.0	21772879.458333336
-27541470.0	21937259.950000003
-27737515.0	21926440.44166667
-27906560.0	21954620.933333337
-28012005.0	22087801.425000004
-28115050.0	22222781.91666667
-28203695.0	22367962.40833334
-28378140.0	22373942.900000006
-28550785.0	22369723.391666673
-28676030.0	22447103.88333334
-28779075.0	22580284.375000007
-28871320.0	22712864.866666675
-29049365.0	22714645.35833334
-29230410.0	22698425.85000001
-29370655.0	22761406.341666676
-29474300.0	22897586.833333343
-29577345.0	23037367.32500001
-29682190.0	23187947.816666678
-29866835.0	23185528.308333345
-30035280.0	23214908.800000012
-30149125.0	23343889.29166668
-30261170.0	23474669.783333346
-29960415.0	23729650.275000013
-30148660.0	23733230.76666668
-30324305.0	23783011.258333348
-30439350.0	23933591.750000015
-30536995.0	24088372.241666682
-30716240.0	24115352.73333335
-30900285.0	24135733.225000016
-30991330.0	24303713.716666684
-31079975.0	24475894.20833335
-31145220.0	24661874.700000018
-31304665.0	24720655.191666685
-31457510.0	24774035.683333352
-31551555.0	24866416.17500002
-31647400.0	24996596.666666687
-31743845.0	25148377.158333354
-31851690.0	25291757.65000002
-32034535.0	25285738.141666688
-32181380.0	25339118.633333355
-32295225.0	25481299.125000022
-32388070.0	25622879.61666669
-32561915.0	25652860.108333357
-32736360.0	25640840.600000024
-32896405.0	25663621.09166669
-32998250.0	25802201.58333336
-33088695.0	25947982.075000025
-33193540.0	26091362.566666692
-33369785.0	26090143.05833336
-33526230.0	26131523.550000027
-33646675.0	26256904.041666694
-33755120.0	26400284.53333336
-33884565.0	26553265.02500003
-34086010.0	26556245.516666695
-34274255.0	26586226.008333363
-34388100.0	26738006.50000003
-34487545.0	26897586.991666697
-34684190.0	26931767.483333364
-34880235.0	26950347.97500003
-34965880.0	27139328.4666667
-35049125.0	27328308.958333366
-35096370.0	27538889.450000033
-35247415.0	27657669.9416667
-35387060.0	27779450.433333367
-35363505.0	28007430.925000034
-35323750.0	28228211.4166667
-35127395.0	28009791.90833337
-35204040.0	28174172.400000036
-35103685.0	28391352.891666703
-34994930.0	28600733.38333337
-34871775.0	28810113.875000037
-34906420.0	28994294.366666704
-34900265.0	29195274.85833337
-34796310.0	29408255.35000004
-34670755.0	29609835.841666706
-34565000.0	29804816.333333373
-34597845.0	29981196.82500004
-34497490.0	30183377.316666707
-34388135.0	30386157.808333375
-34254180.0	30582338.30000004
-34278025.0	30758718.79166671
-34276670.0	30949499.283333376
-34173315.0	31147479.775000043
-34053160.0	31338260.26666671
-34069205.0	31512840.758333378
-34093050.0	31683221.250000045
-33978895.0	31881801.741666712
-33857540.0	32081582.23333338
-33716385.0	32274162.725000046
-33706630.0	32471543.216666713
-33689675.0	32687523.70833338
-33557520.0	32897504.200000048
-33418765.0	33101484.691666715
-33449810.0	33285065.183333382
-33496455.0	33460845.67500005
-33397900.0	33666626.16666672
-33281345.0	33865206.65833338
-33076190.0	34080587.15000005
-33109035.0	34258767.64166672
-33045880.0	34463348.133333385
-32950925.0	34671528.62500005
-32702770.0	34866509.11666672
-32718815.0	35062689.60833339
-32728260.0	35268470.10000005
-32661505.0	35487450.59166672
-32562950.0	35706431.08333339
-32626995.0	35888211.575000055
-32666440.0	36100592.06666672
-32627885.0	36324972.55833339
-32575530.0	36555353.05000006
-32552575.0	36779133.541666724
-32692820.0	36917714.03333339
-32806065.0	37078494.52500006
-32892910.0	37267475.016666725
-32976755.0	37467855.50833339
-33166800.0	37476836.00000006
-33349045.0	37512216.49166673
-33462890.0	37663396.983333394
-33559335.0	37824177.47500006
-33747580.0	37840957.96666673
-33925025.0	37866138.458333395
-34022670.0	38004718.95000006
-34117315.0	38155299.44166673
-34289360.0	38172079.9333334
-34453005.0	38194860.425000064
-34560850.0	38318440.91666673
-34664495.0	38447421.4083334
-34781340.0	38576401.900000066
-34960585.0	38543982.39166673
-35086430.0	38687362.8833334
-35205075.0	38835543.37500007
-35313520.0	39003523.866666734
-35501765.0	39038904.3583334
-35592810.0	39190084.85000007
-35656855.0	39352065.341666736
-35720900.0	39514045.8333334
-35891145.0	39523026.32500007
-35694790.0	39252406.81666674
-35811635.0	39390987.308333404
-35514480.0	39654967.80000007
-35723725.0	39637548.29166674
-35527370.0	39328528.783333406
-35680215.0	39465309.27500007
-35833060.0	39602089.76666674
-36035105.0	39620670.25833341
-36153750.0	39786850.750000075
-36258595.0	39961431.24166674
-36329240.0	40143211.73333341
-36513285.0	40156392.225000076
-36633730.0	40298572.71666674
-36749975.0	40438953.20833341
-36964020.0	40426333.70000008
-37171465.0	40432314.191666745
-37306310.0	40598494.68333341
-37432755.0	40786275.17500008
-37655800.0	40801855.666666746
-37860845.0	40826436.15833341
-37977690.0	40983616.65000008
-38069935.0	41156397.14166675
-38258180.0	41180977.633333415
-38438625.0	41194158.12500008
-38566870.0	41324938.61666675
-38370515.0	41581719.10833342
-38568960.0	41568499.60000008
-38763805.0	41593080.09166675
-38884250.0	41746660.58333342
-38982495.0	41911041.075000085
-39168940.0	41947621.56666675
-39324785.0	42029202.05833342
-39410430.0	42214582.55000009
-39214075.0	42008163.04166675
-39334520.0	42153343.53333342
-39426765.0	42303924.02500009
-39254410.0	42375904.516666755
-39077855.0	42435885.00833342
-38933100.0	42494665.50000009
-38803945.0	42546245.99166676
-38625590.0	42521026.483333424
-38458635.0	42477206.97500009
-38301880.0	42492787.46666676
-38144525.0	42515567.958333425
-37948770.0	42492748.45000009
-37765615.0	42444128.94166676
-37598660.0	42445909.43333343
-37424505.0	42455489.925000094
-37244950.0	42421270.41666676
-37063595.0	42387050.90833343
-36901440.0	42384631.400000095
-36725485.0	42369011.89166676
-36581330.0	42292792.38333343
-36456375.0	42211772.8750001
-36302020.0	42172153.366666764
-36295265.0	42036533.85833343
-36298710.0	41900314.3500001
-36304555.0	41741294.841666766
-36302000.0	41579275.33333343
-36297645.0	41504255.8250001
-36292690.0	41430436.31666677
-36230735.0	41328416.808333434
-36165780.0	41220397.3000001
-36115225.0	41110577.79166677
-36066470.0	40983958.283333436
-36046515.0	40845938.7750001
-36100360.0	40739719.26666677
-36152405.0	40630499.75833344
-36080250.0	40818280.250000104
-36049495.0	41031860.74166677
-36061940.0	41240041.23333344
-36072585.0	41451221.725000106
-36205030.0	41566402.21666677
-36275675.0	41719982.70833344
-36247920.0	41917963.20000011
-36205765.0	42118943.691666774
-36268010.0	42279724.18333344
-36237855.0	42476504.67500011
-36042100.0	42631885.166666776
-35846345.0	42781265.65833344
-35724990.0	42938446.15000011
-35549035.0	43075226.64166678
-35316680.0	43134007.133333445
-35110125.0	43158587.62500011
-34933570.0	43255168.11666678
-34732415.0	43334948.608333446
-34517460.0	43334929.10000011
-34330705.0	43312109.59166678
-34177550.0	43339090.08333345
-33973395.0	43336670.575000115
-33773440.0	43318051.06666678
-33628085.0	43335431.55833345
-33452130.0	43363612.050000116
-33257575.0	43353392.54166678
-33059420.0	43317973.03333345
-32876265.0	43323353.52500012
-32670310.0	43299334.016666785
-32467355.0	43263314.50833345
-32320800.0	43261495.00000012
-32171245.0	43275875.49166679
-31991690.0	43269855.98333345
-31793935.0	43562036.47500012
-31680980.0	43568016.96666679
-31511625.0	43579397.458333455
-31342870.0	43581177.95000012
-31137315.0	43882358.44166679
-30960760.0	43917138.93333346
-30764405.0	43930319.42500012
-30587850.0	43896699.91666679
-30423895.0	43923080.40833346
-30238340.0	43924860.900000125
-30041985.0	44205041.39166679
-29899030.0	44209221.88333346
-29724275.0	44181002.37500013
-29550120.0	44147382.866666794
-29353765.0	44443763.35833346
-29191610.0	44441343.85000013
-29009655.0	44416124.341666795
-28700500.0	44699904.83333346
-28555745.0	44654285.32500013
-28423590.0	44584665.8166668
-28337635.0	44465246.308333464
-28297880.0	44323026.80000013
-27847125.0	44185007.2916668
-27863770.0	44100387.783333465
-27874415.0	43935968.27500013
-27420060.0	43793148.7666668
-27431305.0	43708529.25833347
-26928950.0	43512309.750000134
-26943795.0	43370690.2416668
-26967640.0	43289670.73333347
-26465885.0	43079651.225000136
-26482530.0	42936231.7166668
-26499175.0	42857612.20833347
-25999220.0	42678792.70000014
-25597065.0	42971573.191666804
-25592110.0	42896553.68333347
-25102355.0	42714734.17500014
-25099200.0	42565914.666666806
-25120645.0	42450095.15833347
-25160090.0	42318075.65000014
-25188735.0	42196856.14166681
-25210780.0	42072636.633333474
-25265825.0	41953817.12500014
-25400670.0	41873997.61666681
-25560715.0	41803778.108333476
-25736360.0	41845758.60000014
-25910205.0	41894339.09166681
-26067850.0	41936319.58333348
-26236895.0	41896100.075000145
-26415540.0	41868480.56666681
-26519185.0	41786861.05833348
-26617430.0	41658441.550000146
-26638875.0	41511422.04166681
-26671120.0	41414802.53333348
-26703365.0	41316983.02500015
-26227410.0	41124363.516666815
-26241655.0	40977344.00833348
-26259500.0	40900524.50000015
-25764345.0	40718104.991666816
-25368190.0	41030685.48333348
-24958835.0	40956265.97500015
-24757080.0	40760046.46666682
-24481925.0	41098426.958333485
-24267770.0	41026407.45000015
-24067215.0	40857187.94166682
-23865260.0	41220168.43333349
-23668305.0	41139148.92500015
-23632150.0	41004729.41666682
-23590595.0	40915909.90833349
-23079840.0	40864290.400000155
-22883485.0	41187070.89166682
-22683130.0	41481051.38333349
-22531775.0	41501431.87500016
-22315020.0	41488812.36666682
-22118665.0	41449192.85833349
-21922910.0	41488773.35000016
-21709155.0	41481553.841666825
-21512600.0	41462934.33333349
-21325245.0	41489314.82500016
-21142090.0	41463495.31666683
-21001535.0	41482075.808333494
-20812980.0	41485656.30000016
-20637025.0	41461036.79166683
-20440670.0	41748417.283333495
-20244115.0	42026197.77500016
-20099960.0	42052578.26666683
-19904205.0	42056758.7583335
-19722250.0	42024939.250000164
-19577495.0	42044119.74166683
-19380340.0	42309900.2333335
-19198385.0	42273880.725000165
-19024230.0	42296061.21666683
-18821875.0	42309241.7083335
-18621720.0	42344622.20000017
-18422365.0	42370402.691666834
-18202610.0	42353583.1833335
-18042255.0	42340363.67500017
-17845900.0	42636144.166666836
-17744945.0	42958924.6583335
-17591190.0	42968505.15000017
-17389835.0	43259485.64166684
-17193480.0	43246866.133333504
-17004325.0	43237846.62500017
-16807970.0	43519827.11666684
-16624815.0	43531207.608333506
-16420660.0	43507188.10000017
-16253705.0	43490368.59166684
-16072350.0	43469349.08333351
-15943795.0	43378129.575000174
-15859640.0	43266510.06666684
-15396285.0	43151290.55833351
-15382930.0	43072071.050000176
-15404975.0	42945451.54166684
-15423420.0	42882432.03333351
-15473665.0	42815812.52500018
-15509510.0	42668793.016666844
-15527355.0	42615373.50833351
-15023800.0	42400554.00000018
-14630045.0	42709534.491666846
-14208690.0	42631514.98333351
-14240935.0	42497695.47500018
-14239580.0	42429875.96666685
-13746225.0	42263656.458333515
-13355470.0	42559436.95000018
-12929915.0	42482017.44166685
-12640160.0	42282197.933333516
-12401005.0	42643378.42500018
-12204650.0	42657758.91666685
-12228495.0	42589339.40833352
-12250540.0	42522719.900000185
-11741585.0	42335500.39166685
-11368230.0	42660080.88333352
-10946875.0	42590461.375000186
-10688920.0	42426041.86666685
-10476165.0	42783622.35833352
-10521610.0	42612002.85000019
-10554455.0	42542383.341666855
-10055700.0	42344363.83333352
-9672145.0	42656944.32500019
-9254390.0	42566324.81666686
-8977235.0	42428905.30833352
-8721880.0	42768485.80000019
-8468925.0	42649066.29166686
-8272570.0	42621446.783333525
-8021015.0	42553027.27500019
-7922460.0	42882407.76666686
-7723505.0	42907588.25833353
-7581150.0	42896168.75000019
-7307395.0	43192549.24166686
-7190840.0	43173329.73333353
-7018485.0	43161910.225000195
-6813530.0	43474490.71666686
-6617175.0	43518871.20833353
-6366220.0	43823651.7000002
-6187865.0	43877032.191666864
-5978310.0	43848812.68333353
-5832355.0	43881193.1750002
-5636000.0	44173973.666666865
-5533245.0	44513554.15833353
-5356690.0	44491334.6500002
-5150735.0	44801515.14166687
-4954380.0	44846495.633333534
-4748225.0	44880676.1250002
-4601670.0	44938856.61666687
-4399115.0	45009637.108333535
-4251960.0	45076217.6000002
-4055605.0	45087598.09166687
-3912050.0	45127778.58333354
-3727095.0	45134959.075000204
-3523940.0	45415139.56666687
-3323985.0	45741520.05833354
-3127230.0	46012700.550000206
-2930275.0	46368481.04166687
-2733120.0	46655861.53333354
-2532565.0	46964242.02500021
-2336210.0	46987022.516666874
-1892055.0	46997803.00833354
-1603300.0	47012783.50000021
-1406345.0	47295963.991666876
-1275390.0	47646344.48333354
-1078835.0	47690724.97500021
-829280.0	47680505.46666688
-632925.0	47691885.958333544
-436570.0	47740466.45000021
-269615.0	48021846.94166688
-72460.0	48314027.433333546
123895.0	48339207.92500021
322650.0	48330788.41666688
597005.0	48507168.90833355
793760.0	48730949.400000215
990315.0	48723729.89166688
1186670.0	48906710.38333355
1383025.0	49123290.875000216
1726980.0	49397471.36666688
1923335.0	49611051.85833355
2009290.0	49811432.35000022
2205845.0	49719612.841666885
2402200.0	49916393.33333355
2592555.0	49889373.82500022
2587310.0	49783754.316666886
2558665.0	49618134.80833355
2542620.0	49492115.30000022
3035975.0	49300695.79166689
3443530.0	49591076.283333555
3878085.0	49528056.77500022
4165440.0	49312637.26666689
4372995.0	49585017.75833356
4615950.0	49524998.25000022
4815705.0	49312578.74166689
5013660.0	49628159.23333356
5217615.0	49565739.725000225
5413970.0	49572320.21666689
5654925.0	49608300.70833356
5851280.0	49804481.20000023
6047635.0	50010261.69166689
6389790.0	50288042.18333356
6586145.0	50484222.67500023
6546100.0	50664203.166666895
6742455.0	50623983.65833356
7116410.0	50466764.15000023
7312765.0	50712744.6416669
7651320.0	50907725.133333564
8050475.0	50807505.62500023
8179630.0	50992286.1166669
8401985.0	51241266.608333565
8739940.0	51205847.10000023
8944895.0	51383427.5916669
9195450.0	51562808.08333357
9537005.0	51509388.575000234
9733360.0	51758369.0666669
9929715.0	51722949.55833357
10126070.0	51908930.050000235
10322425.0	52129110.5416669
10518780.0	52049891.03333357
10715135.0	52231671.52500024
10911490.0	52542452.016666904
11107845.0	52607232.50833357
11304200.0	52952813.00000024
11500555.0	53225793.491666906
11697510.0	53236573.98333357
11894465.0	53312754.47500024
12090820.0	53312734.96666691
12281775.0	53323515.458333574
12479530.0	53264695.95000024
12685085.0	53575476.44166691
12944840.0	53554456.933333576
13141195.0	53901837.42500024
13338150.0	53850817.91666691
13441505.0	53731998.40833358
13648660.0	53613778.900000244
13845015.0	53923959.39166691
14041370.0	53930539.88333358
14198125.0	53848920.375000246
14214480.0	53716300.86666691
14216435.0	53557881.35833358
14148190.0	53510461.85000025
14064945.0	53482242.341666915
13961300.0	53425222.83333358
14158455.0	53172003.32500025
13984610.0	53248183.816666916
13826965.0	53344764.30833358
13796520.0	53549344.80000025
13736075.0	53727525.29166692
13699630.0	53912905.783333585
13741185.0	54109086.27500025
13781540.0	54307066.76666692
13814695.0	54498447.258333586
14179650.0	54625627.75000025
14346605.0	54785208.24166692
14527960.0	54934588.73333359
14753715.0	55114569.225000255
14915270.0	55276549.71666692
15090025.0	55425930.20833359
15262980.0	55569310.70000026
15401735.0	55754691.19166692
15595690.0	55862671.68333359
15747045.0	56022852.17500026
15912800.0	56175232.666666925
16078555.0	56327613.15833359
16244310.0	56479993.65000026
16410065.0	56632374.14166693
16575820.0	56784754.63333359
16741575.0	56937135.12500026
16907330.0	57089515.61666693
17073085.0	57241896.108333595
17238840.0	57394276.60000026
17404595.0	57546657.09166693
17570350.0	57699037.5833336
17736105.0	57851418.075000264
17901860.0	58003798.56666693
18067615.0	58156179.0583336
18233370.0	58308559.550000265
18399125.0	58460940.04166693
18564880.0	58613320.5333336
18730635.0	58765701.02500027
18896390.0	58918081.516666934
19062145.0	59070462.0083336
19227900.0	59222842.50000027
19393655.0	59375222.991666935
19559410.0	59527603.4833336
19725165.0	59679983.97500027
19890920.0	59832364.46666694
20056675.0	59984744.958333604
20222430.0	60137125.45000027
20388185.0	60289505.94166694
20553940.0	60441886.433333606
20719695.0	60594266.92500027
20885450.0	60746647.41666694
21051205.0	60899027.90833361
21216960.0	61051408.400000274
21382715.0	61203788.89166694
21548470.0	61356169.38333361
21714225.0	61508549.875000276
21879980.0	61660930.36666694
22045735.0	61813310.85833361
22211490.0	61965691.35000028
22377245.0	62118071.841666944
22543000.0	62270452.33333361
22708755.0	62422832.82500028
22874510.0	62575213.316666946
23040265.0	62727593.80833361
23206020.0	62879974.30000028
23371775.0	63032354.79166695
23537530.0	63184735.283333614
23703285.0	63337115.77500028
23869040.0	63489496.26666695
24034795.0	63641876.758333616
24200550.0	63794257.25000028
24366305.0	63946637.74166695
24532060.0	64099018.23333362
24697815.0	64251398.725000285
24863570.0	64403779.21666695
25029325.0	64556159.70833362
25195080.0	64708540.200000286
25360835.0	64860920.69166695
25526590.0	65013301.18333362
25692345.0	65165681.67500029
25858100.0	65318062.166666955
26023855.0	65470442.65833362
26189610.0	65622823.15000029
26355365.0	65775203.641666956
26521120.0	65927584.13333362
26686875.0	66079964.62500029
26852630.0	66232345.11666696
27018385.0	66384725.608333625
27184140.0	66537106.10000029
27349895.0	66689486.59166696
27515650.0	66841867.08333363
27681405.0	66994247.57500029
27847160.0	67146628.06666696
28012915.0	67299008.55833362
28178670.0	67451389.05000028
28344425.0	67603769.54166694
28510180.0	67756150.0333336
28675935.0	67908530.52500026
28841690.0	68060911.01666692
29007445.0	68213291.50833358
29173200.0	68365672.00000024
29338955.0	68518052.4916669
29504710.0	68670432.98333356
29670465.0	68822813.47500022
29836220.0	68975193.96666688
30001975.0	69127574.45833354
30167730.0	69279954.9500002
30333485.0	69432335.44166686
30499240.0	69584715.93333352
30664995.0	69737096.42500018
30830750.0	69889476.91666684
30996505.0	70041857.4083335
31162260.0	70194237.90000015
31328015.0	70346618.39166681
31493770.0	70498998.88333347
31659525.0	70651379.37500013
31825280.0	70803759.8666668
31991035.0	70956140.35833345
32156790.0	71108520.85000011
32322545.0	71260901.34166677
32488300.0	71413281.83333343
32654055.0	71565662.32500009
32819810.0	71718042.81666675
32985565.0	71870423.30833341
33151320.0	72022803.80000007
33317075.0	72175184.29166673
33482830.0	72327564.78333339
33648585.0	72479945.27500005
33814340.0	72632325.76666671
33980095.0	72784706.25833337
34145850.0	72937086.75000003
34311605.0	73089467.24166669
34477360.0	73241847.73333335
34643115.0	73394228.22500001
34808870.0	73546608.71666667
34974625.0	73698989.20833333
35140380.0	73851369.69999999
35306135.0	74003750.19166665
35471890.0	74156130.68333331
35637645.0	74308511.17499997
35803400.0	74460891.66666663
35969155.0	74613272.15833329
36134910.0	74765652.64999995
36300665.0	74918033.1416666
36466420.0	75070413.63333327
36632175.0	75222794.12499993
36797930.0	75375174.61666659
36963685.0	75527555.10833324
37129440.0	75679935.5999999
37295195.0	75832316.09166656
37460950.0	75984696.58333322
37626705.0	76137077.07499988
37792460.0	76289457.56666654
37958215.0	76441838.0583332
38123970.0	76594218.54999986
38289725.0	76746599.04166652
38455480.0	76898979.53333318
38621235.0	77051360.02499984
38786990.0	77203740.5166665
38952745.0	77356121.00833316
39118500.0	77508501.49999982
39284255.0	77660881.99166648
39450010.0	77813262.48333314
39615765.0	77965642.9749998
39781520.0	78118023.46666646
39947275.0	78270403.95833312
40113030.0	78422784.44999978
40278785.0	78575164.94166644
40444540.0	78727545.4333331
40610295.0	78879925.92499976
40776050.0	79032306.41666642
40941805.0	79184686.90833308
41107560.0	79337067.39999974
41273315.0	79489447.8916664
41439070.0	79641828.38333306
41604825.0	79794208.87499972
41770580.0	79946589.36666638
41936335.0	80098969.85833304
42102090.0	80251350.3499997
42267845.0	80403730.84166636
42433600.0	80556111.33333302
42599355.0	80708491.82499968
42765110.0	80860872.31666633
42930865.0	81013252.808333
43096620.0	81165633.29999965
43262375.0	81318013.79166631
43428130.0	81470394.28333297
43593885.0	81622774.77499963
43759640.0	81775155.2666663
43925395.0	81927535.75833295
44091150.0	82079916.24999961
44256905.0	82232296.74166627
44422660.0	82384677.23333293
44588415.0	82537057.72499959
44754170.0	82689438.21666625
44919925.0	82841818.70833291
45085680.0	82994199.19999957
45251435.0	83146579.69166623
45417190.0	83298960.18333289
45582945.0	83451340.67499955
45748700.0	83603721.16666621
45914455.0	83756101.65833287
46080210.0	83908482.14999953
46245965.0	84060862.64166619
46411720.0	84213243.13333285
46577475.0	84365623.62499951
46743230.0	84518004.11666617
46908985.0	84670384.60833283
47074740.0	84822765.09999949
47240495.0	84975145.59166615
47406250.0	85127526.0833328
47572005.0	85279906.57499947
47737760.0	85432287.06666613
47903515.0	85584667.55833279
48069270.0	85737048.04999945
48235025.0	85889428.5416661
48400780.0	86041809.03333277
48566535.0	86194189.52499942
48732290.0	86346570.01666608
48898045.0	86498950.50833274
49063800.0	86651330.9999994
49229555.0	86803711.49166606
49395310.0	86956091.98333272
49561065.0	87108472.47499938
49726820.0	87260852.96666604
49892575.0	87413233.4583327
50058330.0	87565613.94999936
50224085.0	87717994.44166602
50389840.0	87870374.93333268
50555595.0	88022755.42499934
50721350.0	88175135.916666
50887105.0	88327516.40833266
51052860.0	88479896.89999932
51218615.0	88632277.39166598
51384370.0	88784657.88333264
51550125.0	88937038.3749993
51715880.0	89089418.86666596
51881635.0	89241799.35833262
52047390.0	89394179.84999928
52213145.0	89546560.34166594
52378900.0	89698940.8333326
52544655.0	89851321.32499926
52710410.0	90003701.81666592
52876165.0	90156082.30833258
53041920.0	90308462.79999924
53207675.0	90460843.2916659
53373430.0	90613223.78333256
53539185.0	90765604.27499922
53704940.0	90917984.76666588
53870695.0	91070365.25833254
54036450.0	91222745.7499992
54202205.0	91375126.24166586
54367960.0	91527506.73333251
54533715.0	91679887.22499917
54699470.0	91832267.71666583
54865225.0	91984648.2083325
55030980.0	92137028.69999915
55196735.0	92289409.19166581
55362490.0	92441789.68333247
55528245.0	92594170.17499913
55694000.0	92746550.66666579
55859755.0	92898931.15833245
56025510.0	93051311.64999911
56191265.0	93203692.14166577
56357020.0	93356072.63333243
56522775.0	93508453.12499909
56688530.0	93660833.61666575
56854285.0	93813214.10833241
57020040.0	93965594.59999907
57185795.0	94117975.09166573
57351550.0	94270355.58333239
57517305.0	94422736.07499905
57683060.0	94575116.56666571
57848815.0	94727497.05833237
58014570.0	94879877.54999903
58180325.0	95032258.04166569
58346080.0	95184638.53333235
58511835.0	95337019.02499901
58677590.0	95489399.51666567
58843345.0	95641780.00833233
59009100.0	95794160.49999899
59174855.0	95946540.99166565
59340610.0	96098921.4833323
59506365.0	96251301.97499897
59672120.0	96403682.46666563
59837875.0	96556062.95833229
60003630.0	96708443.44999894
60169385.0	96860823.9416656
60335140.0	97013204.43333226
60500895.0	97165584.92499892
60666650.0	97317965.41666558
60832405.0	97470345.90833224
60998160.0	97622726.3999989
61163915.0	97775106.89166556
61329670.0	97927487.38333222
61495425.0	98079867.87499888
61661180.0	98232248.36666554
61826935.0	98384628.8583322
61992690.0	98537009.34999886
62158445.0	98689389.84166552
62324200.0	98841770.33333218
62489955.0	98994150.82499884
62655710.0	99146531.3166655
62821465.0	99298911.80833216
62987220.0	99451292.29999882
63152975.0	99603672.79166548
63318730.0	99756053.28333214
63484485.0	99908433.7749988
63650240.0	100060814.26666546
63815995.0	100213194.75833212
63981750.0	100365575.24999878
64147505.0	100517955.74166544
64313260.0	100670336.2333321
64479015.0	100822716.72499876
64644770.0	100975097.21666542
64810525.0	101127477.70833208
64976280.0	101279858.19999874
65142035.0	101432238.6916654
65307790.0	101584619.18333206
65473545.0	101736999.67499872
65639300.0	101889380.16666538
65805055.0	102041760.65833203
65970810.0	102194141.1499987
66136565.0	102346521.64166535
66302320.0	102498902.13333201
66468075.0	102651282.62499867
66633830.0	102803663.11666533
66799585.0	102956043.608332
66965340.0	103108424.09999865
67131095.0	103260804.59166531
67296850.0	103413185.08333197
67462605.0	103565565.57499863
67628360.0	103717946.06666529
67794115.0	103870326.55833195
67959870.0	104022707.04999861
68125625.0	104175087.54166527
68291380.0	104327468.03333193
68457135.0	104479848.52499859
68622890.0	104632229.01666525
68788645.0	104784609.50833191
68954400.0	104936989.99999857
69120155.0	105089370.49166523
69285910.0	105241750.98333189
69451665.0	105394131.47499855
69617420.0	105546511.96666521
69783175.0	105698892.45833187
69948930.0	105851272.94999853
70114685.0	106003653.44166519
70280440.0	106156033.93333185
70446195.0	106308414.4249985
70611950.0	106460794.91666517
70777705.0	106613175.40833183
70943460.0	106765555.89999849
71109215.0	106917936.39166515
71274970.0	107070316.8833318
71440725.0	107222697.37499847
71606480.0	107375077.86666512
71772235.0	107527458.35833178
71937990.0	107679838.84999844
72103745.0	107832219.3416651
72269500.0	107984599.83333176
72435255.0	108136980.32499842
72601010.0	108289360.81666508
72766765.0	108441741.30833174
72932520.0	108594121.7999984
73098275.0	108746502.29166506
73264030.0	108898882.78333172
73429785.0	109051263.27499838
73595540.0	109203643.76666504
73761295.0	109356024.2583317
73927050.0	109508404.74999836
74092805.0	109660785.24166502
74258560.0	109813165.73333168
74424315.0	109965546.22499834
74590070.0	110117926.716665
74755825.0	110270307.20833166
74921580.0	110422687.69999832
75087335.0	110575068.19166498
75253090.0	110727448.68333164
75418845.0	110879829.1749983
75584600.0	111032209.66666496
75750355.0	111184590.15833162
75916110.0	111336970.64999828
76081865.0	111489351.14166494
76247620.0	111641731.6333316
76413375.0	111794112.12499826
76579130.0	111946492.61666492
76744885.0	112098873.10833158
76910640.0	112251253.59999824
77076395.0	112403634.0916649
77242150.0	112556014.58333156
77407905.0	112708395.07499821
77573660.0	112860775.56666487
77739415.0	113013156.05833153
77905170.0	113165536.5499982
78070925.0	113317917.04166485
78236680.0	113470297.53333151
78402435.0	113622678.02499817
78568190.0	113775058.51666483
78733945.0	113927439.00833149
78899700.0	114079819.49999815
79065455.0	114232199.99166481
79231210.0	114384580.48333147
79396965.0	114536960.97499813
79562720.0	114689341.46666479
79728475.0	114841721.95833145
79894230.0	114994102.44999811
80059985.0	115146482.94166477
80225740.0	115298863.43333143
80391495.0	115451243.92499809
80557250.0	115603624.41666475
80723005.0	115756004.90833141
80888760.0	115908385.39999807
81054515.0	116060765.89166473
81220270.0	116213146.38333139
81386025.0	116365526.87499805
81551780.0	116517907.36666471
81717535.0	116670287.85833137
81883290.0	116822668.34999803
82049045.0	116975048.84166469
82214800.0	117127429.33333135
82380555.0	117279809.824998
82546310.0	117432190.31666467
82712065.0	117584570.80833133
82877820.0	117736951.29999799
83043575.0	117889331.79166465
83209330.0	118041712.2833313
83375085.0	118194092.77499796
83540840.0	118346473.26666462
83706595.0	118498853.75833128
83872350.0	118651234.24999794
84038105.0	118803614.7416646
84203860.0	118955995.23333126
84369615.0	119108375.72499792
84535370.0	119260756.21666458
84701125.0	119413136.70833124
84866880.0	119565517.1999979
85032635.0	119717897.69166456
85198390.0	119870278.18333122
85364145.0	120022658.67499788
85529900.0	120175039.16666454
85695655.0	120327419.6583312
85861410.0	120479800.14999786
86027165.0	120632180.64166452
86192920.0	120784561.13333118
86358675.0	120936941.62499784
86524430.0	121089322.1166645
86690185.0	121241702.60833116
86855940.0	121394083.09999782
87021695.0	121546463.59166448
87187450.0	121698844.08333114
87353205.0	121851224.5749978
87518960.0	122003605.06666446
87684715.0	122155985.55833112
87850470.0	122308366.04999778
88016225.0	122460746.54166444
88181980.0	122613127.0333311
88347735.0	122765507.52499776
88513490.0	122917888.01666442
88679245.0	123070268.50833108
88845000.0	123222648.99999774
89010755.0	123375029.4916644
89176510.0	123527409.98333105
89342265.0	123679790.47499771
89508020.0	123832170.96666437
89673775.0	123984551.45833103
89839530.0	124136931.9499977
90005285.0	124289312.44166435
90171040.0	124441692.93333101
90336795.0	124594073.42499767
90502550.0	124746453.91666433
90668305.0	124898834.40833099
90834060.0	125051214.89999765
90999815.0	125203595.39166431
91165570.0	125355975.88333097
