-37829 356273 -60941
-66935 328020 -104426
-69175 326492 -106871
-67982 326699 -104781
-37267 302430 -138699
-31638 303808 -137510
-33603 302179 -142468
-35820 300323 -147489
-36756 296523 -152442
-37817 292059 -159516
-40748 289476 -164151
-56889 282515 -149234
-63741 281377 -141859
-96062 138806 150505
-95503 210171 180489
-127625 219024 165851
-134870 213802 169545
-9977 235744 139518
-10892 235842 139790
-20287 236752 137710
-19388 235114 137383
13833 188134 39069
18386 194473 31522
-35815 254656 24999
-60302 246937 35774
-54606 237589 36689
-41400 220824 36570
-15838 178939 33087
-17798 177396 33167
-21553 175862 42368
-22572 179733 42702
-24866 185341 43312
-117780 225110 105889
-134896 216688 124504
-130616 209125 132031
-119671 196320 140297
-81994 126238 137869
-90353 122558 138505
-105566 116580 139990
-359792 102727 91507
-380069 105157 63151
-378867 111354 58567
-390212 158461 17155
-444691 149931 -491
-530304 119348 50861
-524097 123462 59907
-514570 133613 68638
-508563 143558 71126
-503423 153846 73133
-505973 156800 21960
-512356 147254 4200
-523002 132734 -17891
-525524 127986 -25648
-527604 127478 -33703
-495493 133693 75584
-486568 142029 79310
-479088 149244 79473
-469952 154060 78346
-462212 157851 77981
-457362 161082 79598
-457003 147220 -541
-461732 143095 -13988
-465754 132779 -37550
-465006 128853 -45423
-464281 127423 -51379
-411968 134450 -7743
-406552 138104 -10531
-397254 146101 -18911
-390931 155294 -30938
-387882 160140 -39169
-381156 165898 -44516
-337828 166392 -119182
-317951 165641 -131113
-314890 169505 -133607
-310538 171848 -133552
-303092 213092 -96100
-305081 215587 -91459
-304910 220722 -88695
-303179 224669 -84241
-299852 230612 -75197
-307907 233014 -53961
-313201 233192 -55027
-335676 237437 -56896
-340571 239538 -55846
-355420 245831 2813
-354575 247787 2744
-353444 246068 6910
-370124 223145 -19866
-372600 219884 -25509
-373069 211252 -36376
-370287 208924 -38035
-363499 208583 -41017
-289860 216590 -51739
-284498 221294 -53921
-278314 227199 -56226
-269610 234079 -57341
-265466 238841 -54858
-268074 241330 -52391
-247663 228959 -148498
-240618 236299 -152059
-236703 241610 -155788
-231713 251966 -158480
-239349 304540 -181808
-215070 365139 -196763
-195220 405467 -193301
-161005 384980 -193144
-159927 382835 -193556
-161444 382520 -197768
-79016 372628 -106182
-72141 367206 -100845
-53299 295050 -106479
-62385 289882 -100197
-62718 289384 -101532
-72095 270636 -3553
-62981 259201 -3150
-55466 248176 -4114
-137126 251718 -181493
-40832 233085 -120484
-37956 235847 -114617
-35312 237392 -103211
-23751 235779 -85913
-202866 223761 215375
-205711 221145 212158
-215880 201980 161692
-154381 202636 156805
-32104 195770 77890
-31154 199502 70027
-88815 286252 60579
-73537 281386 56898
-58802 274688 51500
17673 280608 -37125
-3495 285151 -48987
-9604 290016 -52357
-23962 311309 -47536
-154450 337292 101253
-158609 334414 112589
-138554 315853 141566
-127315 306132 149970
-100828 240744 177156
-125327 236314 178390
-137469 231336 175555
-155556 212443 170790
-351946 169576 101571
-350616 170448 101682
-347109 170983 102127
-344069 182336 92859
-346181 180632 88853
-349087 179230 79338
-361016 183148 63243
-376061 181290 33204
-275217 229696 -206244
-201585 285366 -215416
-175096 284792 -215824
-256697 272632 51628
-315021 233736 44486
-350169 206557 42681
-364192 196435 41856
-422793 148248 -117563
-421453 157147 -96970
-419465 165248 -78980
-403849 195122 4531
-405907 193065 8450
-410007 191814 13536
-410341 191594 15430
-408847 186557 24187
-431736 155347 -97457
-431109 151111 -142980
-429546 159277 -132303
-429387 167622 -119727
-419437 215929 -26118
-420429 216471 -24487
-419147 215190 -23146
-414939 214792 -19732
-401013 225371 -8582
-416377 181504 -111263
-418613 185885 -136714
-419340 197830 -125163
-403824 238959 33091
-406309 236783 39613
-408707 234338 43913
-399509 236160 59319
-461843 183584 -72776
-461501 181588 -89267
-454599 189554 -75242
-393836 217219 38379
-396518 215682 39165
-397569 212738 40885
-396290 210144 42218
-394043 208434 42938
-389431 209456 46252
-422949 175023 -74755
-419483 171566 -103122
-414433 183261 -86612
-369261 223350 9967
-375120 221297 4649
-376541 222661 4056
-379925 223531 4247
-404378 179403 -148991
-407239 183449 -138178
-409191 191629 -121823
-395985 232049 -27532
-396399 229030 -28204
-397144 226928 -29559
-400152 226775 -28398
-401158 226314 -29302
-402709 227258 -30607
-411708 184340 -139287
-401851 179170 -168889
-402032 186221 -159819
-399912 199322 -143124
-396388 228202 -28552
-396529 225957 -28008
-395665 224197 -23117
-397240 222037 -22288
-399937 218364 -24165
-418600 166661 -137922
-406838 162916 -149962
-404965 174864 -134417
-401450 205487 -23174
-401255 205794 -14485
-396540 205585 -6442
-396119 203038 -1552
-404996 197436 -14844
-406384 196231 -32759
-404831 197606 -38800
-394501 204625 11800
-393931 204446 11024
-391481 204950 16852
-414474 177333 -74225
-405954 197039 -66000
-395608 193477 -958
-395931 189491 280
-369401 189469 40183
-315185 171406 125946
-311966 167537 137383
-316566 164254 138010
-414277 172182 26589
-418777 173727 7106
-427561 166622 -11701
-305201 200525 109963
-286381 209631 114309
-122920 229660 94610
-109102 226238 85797
-45117 220464 11028
-44093 221914 950
-43364 228254 -13027
-42253 234811 -21000
-42255 238853 -29390
-110979 281291 2862
-101352 274795 2239
-86527 268270 3541
-50786 241717 -31224
-49707 243065 -30425
-50657 244384 -32041
-55708 242468 -36634
-56382 243357 -37837
-54039 242731 -43780
-117598 273049 30640
-110396 268174 30899
-44036 214861 21220
-46537 215355 17020
-41511 217419 14493
-36947 218125 11411
-35442 221412 -574
-36586 222820 -3751
-106697 272453 29263
-110947 276171 27843
-114486 277306 26192
-118232 278206 30391
-108901 273561 30745
-90788 265956 27093
-46820 240256 -7896
-38203 238792 -29114
-91443 268882 22321
-102561 274656 23865
-89769 268933 23436
-99140 276933 16393
-104165 282826 17009
-110322 287967 18560
-116606 282832 20951
-108133 275112 19174
-99148 268695 15605
-112070 276163 4091
-123372 281831 -2884
-127078 283075 -4746
-119098 281578 1873
-106263 274976 1947
-92840 267142 354
-60563 260446 932
-17340 253435 -19387
-60174 300455 53596
-68448 304649 52696
-74383 306165 52282
-65842 296180 57178
-49099 286916 59160
-30750 267130 44462
-62117 277815 48680
-54214 269906 45407
-45201 262785 43641
-36780 253090 42340
-29024 226285 15275
-51330 235579 17354
-53972 236418 16784
-53561 237605 16226
-231057 249752 68851
-227189 253430 68007
-223940 257594 65797
-219661 262354 62083
-215905 265422 58815
-188553 268574 72766
-112925 240258 43197
-65061 222558 6967
-43224 215896 -21235
-62672 239498 -103582
-88818 244689 -122636
-265701 261741 -170743
-319771 220550 -215018
-330974 220180 -218747
-339282 236329 -197261
-402568 262907 -83086
-438618 255442 -16633
-445785 247155 17719
-427238 217127 86329
-418013 226050 -48165
-418725 221974 -56977
-419166 217122 -52872
-418429 216206 -53220
-416693 179293 -161421
-420169 183704 -153889
-423210 190775 -140685
-434876 194301 -7079
-433569 190544 9448
-212389 206650 159428
-12992 197898 102919
-7293 201959 94794
-5640 204067 87364
-87972 266147 76723
-79183 265229 72096
-61149 254883 67860
-48610 247012 62498
2453 219713 14278
2365 223813 8858
2277 228774 2041
4304 234716 -7786
2259 237727 -13008
-2141 245875 -26164
-69687 309623 1981
-79085 313958 540
-99293 325378 4241
-114905 329319 15127
-112886 325196 23389
-110328 316361 39201
-77810 273352 131023
-78256 274000 134589
-68148 272106 138360
-68436 268526 138139
-70406 255295 141267
-70325 246973 143028
-92919 239207 149774
-170074 221318 148355
-202385 212009 148991
-339216 179242 81334
-373575 217112 7792
-375391 217239 1743
-378831 215520 -7643
-381754 214334 -10572
-391357 208310 -26559
-393382 207504 -36539
-330691 229129 -117129
-286616 243616 -145685
-246900 254766 -169840
-221168 263622 -186442
-191435 274504 -197137
-171588 279188 -196807
-405714 225745 -47344
-410141 223519 -34690
-412139 221765 -21059
-410876 225381 -6088
-413385 221703 19833
-414591 219731 28850
-414834 220190 35653
-416496 219933 44921
-414888 218587 48169
-414519 246850 60890
-417173 246742 63554
-418568 246027 65363
-413556 244691 70070
-412291 242865 70881
-407091 239746 78141
-404885 234755 86199
-380003 227204 50775
-382921 226742 45158
-383378 216849 -23085
-379063 213093 -47950
-374755 202649 -89176
-366302 214575 -75095
-365673 214008 -120735
-359763 210979 -131704
-354664 207653 -141677
-368733 208596 -114813
-376993 215173 -81664
-384115 224393 -41406
-411201 175351 -140768
-410400 169689 -150853
-406501 168592 -159719
-404840 177993 -145932
-402737 191489 -120632
-408975 172481 -108355
-409988 164614 -133297
-409218 171238 -122700
-406556 185670 -102656
-374620 218870 23068
-376306 217509 27029
-378737 217173 27760
-387108 198470 -17356
-386914 201382 -6338
-387823 201775 1128
-388186 201777 9161
-384175 199741 21495
-382220 199262 23696
-382856 200032 2885
-381472 203660 -48227
-321512 211854 -149735
-320619 208843 -153039
-345671 186105 -147908
-270916 166430 -192990
-270131 179468 -173239
-272936 186319 -168277
-327281 212434 -186994
-321111 214283 -196635
-315849 216105 -204575
-294192 222648 -223912
-288575 223504 -230553
-172801 218330 -248736
-110785 237797 -212065
-68486 247671 -207060
-73739 244152 -218563
-80295 238367 -228547
-149920 216419 -269772
-169883 221381 -270337
-265775 299615 -193731
-267495 299830 -193248
-275007 297850 -191982
-281358 295611 -189783
-285014 295220 -177726
-226991 271193 -219674
-223966 265924 -226790
-211370 263524 -224676
-214302 265131 -216370
-217996 266223 -209040
-261962 289570 -148901
-265358 286272 -150983
-267840 282946 -151573
-269513 280441 -152594
-269690 280503 -152729
-268469 283375 -150596
-267834 285370 -150452
-161441 272747 -180662
-152436 272989 -179700
-141745 272930 -177366
-117526 256062 -165967
-113449 253022 -162949
-154298 261785 -163146
-160995 262053 -165510
-169852 261920 -170668
-183281 260277 -176540
-187803 261579 -177440
-186835 263520 -176332
-119067 274602 -169426
-103958 270387 -159515
-99693 266523 -156957
-94513 260663 -156847
-141073 274472 -161832
-147660 274816 -164361
-166330 269676 -169628
-170226 270627 -169840
-178534 271119 -167942
-183658 269669 -169514
-141425 265128 -190562
-139600 266457 -192070
-161773 247439 -203801
-167358 247894 -203669
-211092 275670 -174485
-214551 273526 -177460
-217419 269709 -179636
-228530 267914 -180355
-233947 270312 -179631
-241940 273155 -174009
-254301 268411 -178016
-255705 269854 -172459
-255365 275532 -164224
-190726 275930 -158297
-195618 273454 -160125
-202684 264935 -168582
-198745 268906 -166917
-195265 273567 -161604
-149562 268683 -162147
-148753 266009 -164567
-182123 282147 -179813
-187266 278587 -182401
-196270 276218 -185568
-194212 277392 -184505
-190396 279495 -180262
-184535 280192 -178219
-119976 260336 -163959
-126021 260859 -167897
-122500 303353 -186411
-132665 301776 -191014
-149080 303200 -194279
-156759 301819 -193383
-163886 296837 -190974
-150921 341577 -189553
-152900 341196 -196738
-157960 340209 -209255
-170478 339771 -230460
-183835 340905 -239993
-207860 337880 -256930
-271362 294205 -202937
-287144 288678 -200737
-203228 271059 -233402
-198217 272882 -220341
-224288 304594 -158090
-227548 302740 -159438
-236096 296606 -169824
-167669 286540 -169044
-173100 285734 -171343
-190716 280576 -178804
-200557 279666 -178473
-197695 286925 -169165
-218383 296924 -154523
-224641 296763 -150516
-232544 294261 -151055
-249773 287755 -154510
-251837 287510 -155139
-226073 266336 -206522
-218108 266635 -209212
-216423 267986 -207475
-193172 298985 -142353
-191118 298189 -144922
-190221 297165 -146628
-192449 299650 -148944
-214048 278575 -171776
-231237 275725 -176953
-239550 275663 -174763
-240570 275216 -173591
-240410 275316 -168006
-243713 274629 -170434
-248891 273084 -174941
-252236 271441 -178649
-253034 270473 -181573
-250112 273178 -176394
-215671 251833 -227671
-214160 250951 -231864
-215724 254420 -229166
-216963 258598 -222092
-218289 262229 -211502
-179619 283426 -156426
-179975 281861 -160287
-181967 279458 -165205
-185995 277913 -169404
-188092 277849 -170301
-189224 281053 -171173
-188635 281983 -171489
-199564 277246 -178414
-208879 276563 -180389
-215608 277071 -179559
-216054 277312 -176633
-215812 277611 -175001
-216140 277251 -176215
-213341 264873 -208175
-190876 263500 -220306
-187347 267191 -213301
-183733 269364 -206190
-191385 272870 -193544
-213774 276450 -183675
-173420 267786 -212178
-170879 265410 -217691
-158134 260551 -219966
-159336 264592 -209202
-202446 297646 -156128
-212227 297617 -155414
-219301 295208 -156971
-231553 293076 -156807
-224532 290235 -163186
-222827 289065 -163521
-225637 283603 -167458
-194041 269730 -202672
-210420 273410 -190354
-231450 284972 -168592
-201529 291267 -153496
-203687 292437 -151392
-210708 290129 -154288
-214965 287433 -155239
-216542 287523 -152724
-220906 291965 -147681
-221296 286075 -159622
-216832 285663 -159021
-210525 284321 -159435
-195593 274559 -171242
-204533 268718 -172654
-161596 251932 -200340
-153018 252707 -191717
-149781 253667 -185917
-148901 257335 -181133
-173309 281081 -165434
-176957 281600 -167549
-174534 282228 -176088
-165843 286469 -179602
-159587 290780 -179895
-184475 302686 -161734
-192002 295615 -166430
-205164 286438 -179632
-207460 284642 -181084
-212082 280288 -185021
-225082 266686 -191126
-229936 262882 -192822
-236162 258345 -197987
-243451 256323 -202540
-246498 256877 -202645
-194256 240526 -210138
-179115 239980 -204752
-172325 240541 -200797
-194196 268563 -177583
-196833 270267 -176793
-203310 269930 -180154
-214826 271384 -185625
-216349 273045 -184648
-213362 278270 -180516
-201502 278784 -188848
-169955 290667 -209614
-153809 296199 -218227
-119357 311707 -212456
-117466 313473 -211209
-122863 315758 -210068
-191720 315994 -180222
-211708 304346 -179817
-221072 299402 -180077
-228392 294294 -179700
-230775 294731 -179555
-238995 291514 -182476
-204198 283003 -183848
-139441 262894 -130399
-156979 272077 -122054
-162179 272937 -127669
-167866 272140 -132935
-178979 271088 -141518
-187736 276976 -146103
-165314 275666 -227648
-160176 273053 -231413
-144814 269020 -221396
-143426 270814 -212494
-145671 272830 -206403
-202331 284952 -181237
-188637 265431 -216074
-190692 271219 -205809
-191861 274112 -201345
-216406 292956 -160219
-202565 277534 -191415
-183857 271302 -213151
-183974 274197 -206139
-184942 278893 -198598
-231284 297965 -148919
-237200 295770 -151866
-241272 293268 -155330
-249361 288736 -158994
-251475 287378 -156822
-250322 286972 -160128
-225196 283624 -172957
-208559 284749 -175028
-191074 290511 -164147
-158089 290054 -149748
-189189 294843 -143412
-194843 293525 -146797
-172347 268566 -203321
-167175 265623 -208915
-221531 295035 -160614
-229273 291706 -162556
-242713 279350 -168466
-180307 268596 -199625
-194624 274862 -186721
-201737 278000 -180040
-216110 284090 -174553
-217816 288283 -170747
-222659 289311 -170873
-167193 284932 -203138
-159190 281677 -207173
-140514 281820 -190655
-138202 281678 -183630
-138707 281390 -178356
-190585 299591 -161880
-195941 297713 -166289
-208217 290414 -174368
-212327 290291 -174245
-216861 291892 -174599
-216599 293155 -175163
-214952 290588 -181076
-203214 294003 -176965
-199543 293333 -176312
-199655 292462 -176816
-209225 292970 -180598
-212551 285695 -183178
-179650 271468 -201967
-206387 294691 -163808
-212067 292764 -167678
-221783 286211 -176609
-225212 285383 -174558
-212857 289113 -168818
-217500 288130 -166761
-230490 282256 -173358
-234082 283010 -172498
-242874 288803 -167069
-237243 283462 -174470
-241817 285819 -167643
-247862 282673 -168005
-251160 281024 -168532
-244095 287740 -163987
-207318 267531 -202048
-203249 265117 -209631
-196185 269885 -206227
-191435 270522 -200297
-190935 279071 -179136
-212219 292801 -147784
-211137 288837 -167968
-213964 289156 -165866
-218060 289830 -164430
-220716 289542 -163035
-221841 288543 -161329
-220595 288993 -159737
-224962 286387 -170008
-175636 286128 -188064
-168852 282813 -190986
-182999 299054 -151163
-190717 298542 -153094
-213470 296772 -163958
-213302 297215 -162942
-218236 293709 -163319
-161417 280950 -181882
-158817 277936 -183288
-146849 273479 -178693
-144945 272551 -178187
-145207 272357 -178730
-185265 287336 -168477
-177665 274712 -205730
-173445 273291 -207629
-175760 270776 -204096
-176508 268239 -200755
-178985 268091 -197601
-105757 275269 -128938
-109692 276948 -133632
-124738 274955 -149854
-130017 275156 -153296
-139575 277113 -159095
-145355 279792 -158785
-97058 280664 -118632
-97919 279010 -122447
-99778 274336 -128944
-100288 279443 -120007
-105048 277199 -128816
-110570 273466 -135827
-111183 274026 -137014
-108464 273690 -137562
-136900 282605 -153534
-150552 281674 -161337
-153060 284009 -162726
-147710 285624 -161610
-131675 283082 -154518
-105698 281982 -142786
-99797 274129 -147033
-106242 279152 -157743
-126823 282357 -165825
-119366 282266 -157396
-115495 281201 -154369
-82440 280672 -124685
-76670 275987 -128500
-127925 273132 -170615
-117502 274466 -163618
-101400 278514 -152975
-90997 281107 -144595
-80704 285295 -132738
-47203 288969 14514
-51113 287306 22163
-47946 283815 23291
-38430 276160 25057
-50553 249506 -48703
-95198 296316 -78322
-99626 296634 -79355
-94722 292977 -72323
-86430 284769 -71122
-78496 274746 -75344
-83181 268162 -111472
-96055 270075 -121951
-98037 273681 -123702
-101537 274681 -129267
-112416 272489 -141243
-115446 272974 -144472
-118402 274671 -147693
-120096 276201 -148371
-116771 285382 -118400
-97211 280342 -47665
-82088 271294 -35268
-48062 250712 -61675
-96650 294809 -89027
-93719 292647 -84391
-86470 285264 -86514
-113583 293081 -125051
-111018 296265 -124646
-107439 290213 -122469
-103691 284809 -123762
-124808 292069 -139384
-110592 291091 -132279
-101463 284649 -132378
-111898 281664 -138387
-116086 282602 -140144
-123227 283289 -146638
-136534 281261 -160525
-143515 281122 -166141
-146869 282497 -166872
-138523 289952 -164684
-126976 291012 -157945
-123224 286496 -157702
-138771 289654 -177250
-125454 286621 -167167
-123168 284440 -162674
-121456 281751 -160784
-132437 285205 -148424
-101857 303662 -147334
-100123 303776 -149534
-100522 294436 -146976
-98110 288931 -149682
-95109 286060 -150883
-125318 290875 -160859
-135559 291003 -166668
-146256 293094 -164990
-156861 292391 -164524
-162285 290614 -160428
-113229 282530 -133383
-115263 283997 -136015
-117869 283501 -140247
-126481 281778 -150092
-126713 281968 -155002
-121111 281183 -152521
-122631 279294 -146281
-119234 277403 -145656
-118185 274740 -146647
-117282 273546 -148438
-117032 271583 -146919
-110691 275467 -140169
-81714 300757 -77515
-69201 295042 -74995
-54580 266995 -80554
-60246 265084 -86963
-69612 264393 -95467
-71447 263202 -98665
-80767 265810 -113997
-82280 271009 -94131
-79368 267583 -99146
-47251 248091 -58465
-47007 250300 -58932
-53575 253178 -72812
-53508 253705 -70435
-51931 250808 -64610
-63304 262777 -46145
-50826 249141 -42071
-49778 247286 -42980
-48421 243759 -46055
-77121 259653 -1117
-61145 249649 -8727
-46298 239450 -17278
-43084 237828 -16380
-38837 237564 -12088
-53014 228772 31706
-156361 264441 83741
-134039 253798 87471
-116850 243848 87518
-31723 219678 43197
-137301 280060 89664
-148247 277673 91550
-130464 265150 103546
-108905 251886 106484
-141348 255551 115796
-154121 260919 112178
-190873 247745 108356
-177087 240352 112059
-73332 178038 114100
-72210 181509 111138
-181031 219631 126894
-177038 218016 131624
-99772 163011 138770
-97155 165132 136878
-93673 170564 132937
-90792 174324 130844
-89487 173758 129418
-281758 206215 123067
-298440 201290 116758
-276639 199082 129615
-178618 146803 166731
-173111 152565 161526
-168070 157379 159592
-163514 160869 159224
-276030 194862 120962
-224331 184168 137805
-180135 177027 146866
-170891 173530 149679
-202856 164066 156414
-192734 165071 158869
-176312 168942 157276
-173647 168619 159095
-176092 156735 162618
-226792 151454 166277
-229831 153579 164180
-229425 158311 161205
-229788 161683 160692
-349934 167146 83888
-347760 171014 90138
-391553 159959 52128
-394311 159556 44945
-401919 157833 29911
-403672 161144 39340
-388167 170328 56419
-373314 176972 72228
-338335 175994 107729
-344876 166577 107918
-324937 171985 124275
-414331 156321 16051
-420954 152743 1194
-424539 156785 -11470
-417386 166969 724
-368183 179138 66736
-381946 169595 9406
-403881 161458 -72372
-401348 169573 -56178
-396895 178493 -36817
-391633 178472 -34053
-402137 181505 -52971
-382311 201540 58730
-379367 201561 66666
-401738 194458 17997
-404413 178700 -48937
-420891 163692 -122221
-420000 173903 -107514
-402477 192687 -30690
-411358 169047 -99888
-403060 163398 -167682
-403304 172767 -155848
-401759 188883 -134005
-396694 217512 -75768
-395951 221600 -36386
-392397 227626 -43250
-387292 232125 -33007
-388751 232949 -22253
-391544 235155 -27513
-394170 216650 -103616
-386472 227294 -84811
-380511 239398 -63626
-380742 243074 -58707
-380624 246757 -53344
-378878 247375 -53587
-332335 204927 -219337
-324923 201351 -230126
-302609 209001 -234208
-309198 221141 -215462
-327611 254832 -148278
-339867 261091 -128533
-340296 267191 -112172
-344924 263607 -114377
-315224 261335 -151317
-257156 251389 -219369
-247075 242508 -235490
-239265 238850 -242189
-222035 237838 -233507
-226777 242881 -226096
-237776 259617 -206777
-252563 273935 -182506
-261437 281642 -169342
-261862 277643 -174256
-171908 277917 -204967
-165349 274353 -210658
-148014 274372 -206273
-145954 274827 -200087
-143991 275737 -193490
-141085 301041 -155790
-171026 299361 -151902
-176182 295202 -155625
-181972 292736 -159988
-184780 290796 -158590
-180353 293115 -156531
-139021 287431 -145769
-132934 288815 -145280
-132418 289624 -145231
-136001 290831 -147918
-135870 289531 -150299
-119460 292641 -128062
-114132 291615 -122207
-105314 287149 -119008
-91663 270555 -113526
-91181 270244 -114281
-93042 272154 -115746
-95754 273273 -118152
-97447 273698 -117456
-100078 274513 -115002
-98788 273276 -114736
-100749 272679 -119497
-66228 261414 -84444
-65517 261407 -86122
-66552 260951 -90807
-68620 261126 -99300
-69913 261115 -100068
-69558 260298 -99701
-67341 259844 -99353
-95253 284735 -60503
-90895 283607 -47609
-82462 279876 -40915
-78301 269285 -38019
-85309 273440 -31463
-84187 273393 -29236
-75289 268618 -28486
-47670 249306 -61690
-49348 253774 -66777
-80177 276794 -43276
-77746 276688 -35824
-70528 270833 -34905
-37274 241591 -46924
-37236 243389 -46463
-38514 244829 -50228
-42204 246279 -59561
-44013 246787 -60191
-41307 245625 -56428
-40584 245436 -52274
-36017 246188 -47664
-27500 250584 -50944
-23316 255639 -57719
-20106 257400 -60203
-98429 297679 -64687
-100796 300338 -66727
-99346 295462 -55431
-89233 286684 -49926
-75277 276394 -50414
-57235 256476 -79909
-58544 256887 -83350
-64029 259193 -95904
-65208 261794 -98542
-68551 264051 -102252
-70584 265272 -105700
-98894 292430 -87769
-101354 293393 -87092
-91664 290593 -75054
-80202 281687 -73838
-109877 298247 -105234
-102079 295274 -91614
-92418 289501 -87473
-80634 278685 -89426
-66066 290273 -45887
-62968 285571 -42624
-56001 276077 -39102
-48049 267347 -38760
-38649 253964 -42704
-62320 255353 -97806
-63394 252072 -103265
-62511 246540 -103892
-61443 245940 -99038
-87032 280689 -79262
-80950 274220 -78393
-76978 266847 -83202
-119611 276401 -160297
-105390 275438 -147772
-101738 272913 -145021
-97186 269103 -142918
-132965 276489 -155109
-137259 275058 -159292
-140602 272005 -164059
-146622 269498 -173123
-148309 267843 -175310
-79670 273513 -194422
-78237 272525 -196012
-81387 271260 -201650
-160102 290452 -208357
-166037 289283 -209176
-173430 286072 -211861
-92663 293081 -142050
-91564 292517 -135788
-91319 291260 -131326
-86777 293545 -123424
-77717 294213 -115529
-60097 262678 -72690
-63360 261740 -75865
-60873 255669 -83722
-61090 255443 -85938
-58942 259131 -85442
-58746 258323 -82441
-60756 259301 -63663
-88708 270529 1777
-97413 272651 14206
-98371 268399 25623
-90671 260081 29066
-41569 222328 12037
-43670 223548 6694
-43336 224620 -4964
-44000 225195 -6542
-37040 224661 -7030
-29490 219367 2218
-28696 224011 4604
-24440 231094 2714
-25603 232907 -10055
-28465 231996 -13318
-141898 289996 22222
-133515 280600 38727
-115750 269544 47804
-93468 256930 48292
-131578 287181 37869
-119948 279478 44606
-106585 268903 48051
-36369 219201 22307
-36572 221789 19488
-36723 225653 8844
-32995 225854 -204
-31214 224939 2688
-135907 292362 63659
-159370 303666 70511
-157244 299372 83495
-146570 293375 93203
-123021 281567 105957
-171248 269194 69160
-174124 256040 81627
-112764 183851 111490
-113276 183351 111685
-122212 174463 119055
-126151 169989 123452
-195687 189217 143219
-171519 183293 153617
-152510 175972 162837
-139994 167401 170437
-131588 172547 172721
-238181 188215 148930
-251353 175421 149533
-278541 170039 142636
-358665 180681 77207
-368630 185241 56690
-380248 190431 37253
-377192 190402 41447
-362904 189027 59350
-348704 188143 74554
-332290 187132 88688
-282525 177729 127194
-223158 168603 144522
-208544 168101 148754
-190500 163300 155636
-190304 161409 160062
-311248 154503 77443
-366246 152486 47550
-370560 157712 50476
-365820 165791 63279
-395640 157488 74943
-395169 155809 83706
-382225 157374 103489
-362807 156597 110851
-367703 157149 103850
-363479 158239 107649
-347977 161232 120755
-349605 166823 102786
-347600 168101 107708
-324585 168847 126216
-215031 157779 166968
-201461 155753 166625
-180684 146996 167804
-166098 157359 161644
-173915 165446 161485
-176827 160428 165563
-175199 157591 165664
-172635 148691 164459
-170529 149337 166053
-167498 159987 168013
-181217 163476 163382
-224389 174688 140356
-327880 178544 103736
-344620 180353 86044
-363497 182539 68710
-350729 183007 84727
-332369 185368 99045
-297767 194115 103574
-313221 197433 85702
-330817 193920 78946
-323121 192842 88137
-302657 192006 105708
-190479 145975 163950
-191596 148597 162814
-188473 153691 161952
-181961 153675 159022
-180069 149879 161530
-202234 148914 162117
-202164 151969 163111
-199906 156495 162950
-195074 160587 161687
-326123 178012 96283
-341537 179291 77661
-352591 180392 63558
-303010 172886 87884
-251114 167180 118402
-196122 160817 149445
-188120 165437 150062
-325152 180699 92531
-200392 148236 161588
-197834 152208 161236
-191793 156668 163881
-190800 156067 165553
-193153 152383 168519
-197320 152656 169212
-211664 158571 166158
-225350 155389 163740
-218583 152309 168347
-214480 150821 170450
-216080 144911 170045
-322036 171889 98059
-346712 175499 70222
-362281 180269 67774
-322448 181071 94661
-220490 174654 130155
-266426 178874 119777
-234743 170788 131254
-207271 168218 140015
-177965 168056 145129
-170268 165341 147646
-163392 162631 147065
-159793 164234 146805
-153131 172289 144952
-298601 185718 99020
-323207 187278 80143
-338502 188410 67848
-352454 193076 62964
-257250 180193 104154
-145714 174710 147998
-214690 181048 147358
-162812 165381 164564
-156809 165163 169711
-240182 154609 158127
-235825 157054 159520
-223684 161067 160527
-218594 161606 160722
-216867 157101 163170
-340321 172294 87281
-351269 174628 71266
-359409 175355 58980
-366444 176537 54313
-355603 177112 68188
-331527 177610 91821
-208722 143062 161300
-207163 143763 162099
-201937 150629 161728
-191395 155032 160532
-188877 151918 160994
-178093 149319 179778
-177962 152700 179102
-179476 155742 177266
-187807 154654 170552
-341339 171089 93579
-352643 173009 79408
-365590 174214 63053
-212158 158431 152713
-237404 142763 163851
-234418 146128 163583
-231564 149157 163338
-223297 150725 164146
-210592 152040 166349
-353850 172720 90153
-368499 174351 70279
-390184 173825 37594
-384920 176127 44415
-375404 178514 55875
-361253 179052 72199
-334320 178129 97158
-230489 157508 153060
-207991 155170 158948
-182601 158172 159710
-177026 157175 162278
-169960 153251 161898
-261674 181633 122258
-292679 190681 104695
-329797 197835 83358
-319708 197186 95219
-295631 196461 113851
-291589 201593 111916
-281243 203576 118113
-259472 202008 133301
-150966 164948 167999
-142504 157875 161358
-142475 162590 152162
-171681 148197 147855
-164940 146486 148119
-160057 148945 147864
-144471 155833 148781
-137789 152156 153527
-150374 141464 164371
-151443 141693 164721
-150420 144211 162978
-146101 147981 159087
-142071 148996 158424
-143477 146333 161683
-226260 175796 143114
-325943 178790 94168
-328093 175861 102658
-317787 175153 113462
-207208 138872 173325
-312470 158746 101204
-329046 164610 98826
-327397 168360 106845
-309332 170348 124510
-323098 168054 106828
-326692 168354 108530
-315274 168455 119301
-354261 170592 89002
-363247 172786 74826
-380483 176393 59284
-373600 176394 70379
-354135 175583 91391
-223936 142531 174739
-222192 144469 174975
-219884 145991 174117
-213986 147132 173752
-200921 146267 172331
-214889 144575 172117
-217492 146368 171736
-214519 148187 171296
-204698 154785 172780
-326626 177626 107498
-345916 181480 89192
-361981 184378 71158
-331233 179566 81079
-282778 169754 111500
-231672 156392 146762
-217283 157488 156665
-204227 164528 160659
-265730 176551 135218
-302180 184783 105907
-331630 189403 88014
-320259 188518 103143
-304594 187037 117363
-305832 183613 112332
-324275 183816 98267
-358022 181691 69056
-374830 181312 55213
-372060 182070 61629
-363115 182416 73906
-333566 182713 102196
-325770 182524 108096
-284705 174878 127473
-245492 171308 143130
-218672 169527 150936
-188306 163677 160216
-188048 162770 166557
-188571 160565 167654
-196040 157750 173883
-226629 151377 168094
-225924 153312 167218
-221086 157200 165308
-216916 158163 164142
-213593 156984 164745
-209229 154789 167469
-336931 174519 93234
-338225 173671 97439
-321185 172474 112649
-237432 146348 165544
-236097 148939 167568
-345225 175876 91162
-361097 177484 74280
-281526 155344 131072
-265270 152866 142666
-249411 154029 152115
-224451 156078 166547
-218784 156275 169361
-217208 156143 169190
-209674 155736 165143
-206417 170402 163856
-247024 167442 147179
-222633 162210 154197
-178563 164515 157228
-208441 150529 163040
-195760 148093 165611
-185190 149841 165964
-178077 152439 164577
-172319 155573 163288
-168416 157045 164369
-250481 170562 107912
-288300 177175 87141
-313070 184129 84083
-294765 176703 142818
-294458 175765 145399
-291014 175142 146970
-264238 196081 147633
-267042 199566 144996
-268179 201977 143880
-265748 202777 144145
-260405 206449 145973
-268067 196774 146595
-243274 204838 159047
-258524 211128 141631
-334029 205206 100780
-336544 204847 96862
-323272 202727 111427
-307570 204486 118283
-291184 204498 124407
-174368 144300 164897
-174566 142017 165869
-173655 141179 165712
-169925 139552 164476
-162190 136820 163179
-148083 136243 162331
-145892 140786 161595
-147499 152401 157892
-254918 182904 129037
-287903 190804 114810
-313041 196312 99667
-315033 182298 118565
-323560 183520 111130
-336673 185770 96249
-224216 149767 159136
-218010 149171 161961
-211824 148908 163681
-278519 176545 135260
-325700 195040 106700
-280373 179477 121371
-240825 166574 136413
-173797 148578 156016
-158515 153422 156444
-163767 155936 157191
-165121 145359 162903
-164824 141621 165473
-169851 143431 168703
-176420 148104 168571
-173231 160504 172371
-285816 194010 128241
-254456 184703 142919
-229175 177844 153863
-214696 174041 160897
-209633 170081 164760
-202999 164781 169734
-181251 150909 174389
-177582 151503 171942
-173468 153254 169513
-167519 148600 167976
-284007 179557 120587
-290103 182769 125200
-279675 183157 132271
-196617 144469 167001
-194732 143125 166570
-187934 142443 165069
-170473 137547 162418
-161237 145176 162137
-160287 148489 161397
-156745 157903 156303
-166855 156416 158763
-177955 154925 163382
-182099 146705 165528
-181655 145266 164455
-175752 146100 169558
-174007 147166 169502
-243017 173647 128936
-332335 197347 76779
-337489 196695 79255
-333940 195423 90389
-320049 194147 102566
-207582 148365 163534
-206834 147894 163042
-292823 172737 122410
-355991 190969 77310
-349998 191509 83018
-333809 191307 96004
-314283 186368 103879
-207757 169323 141543
-325975 190015 104449
-341975 193596 87037
-361454 197158 69968
-356713 196039 75890
-345479 194856 86039
-320970 193487 104748
-319115 191135 108437
-332654 195345 94916
-344839 201574 82043
-337227 199361 89447
-277774 183006 115569
-180336 171909 162432
-291374 207979 124105
-318479 216202 99691
-315015 211382 104004
-304468 201205 113085
-231670 158562 158868
-220413 151639 162336
-216004 152595 162736
-198646 153610 163534
-196711 151428 163199
-188691 146967 163227
-184746 146991 165947
-188616 162301 157588
-337160 197154 88849
-353199 200403 71755
-345973 202214 80287
-328988 201140 97484
-308299 196861 112846
-231876 162406 151272
-202642 149803 155806
-184006 148080 158750
-322343 190978 107499
-344985 192264 90019
-332104 188043 99473
-316420 184833 111013
-233725 156931 156471
-327974 192949 107065
-321640 198576 111562
-208514 148489 168291
-201163 150564 169397
-192232 154869 169054
-186112 156455 167224
-155080 146623 157859
-312171 196464 112914
-332980 202431 95222
-347600 200227 82056
-340928 196807 89221
-315292 190510 109986
-226024 160293 151310
-205530 155786 155375
-177417 155826 158904
-318851 196985 109988
-336047 201569 94534
-353256 205091 78277
-346292 201590 84683
-333340 198379 96400
-315233 195604 108167
-313262 196673 112068
-329891 201234 97631
-337400 205722 88589
-239986 180092 136203
-176763 175580 163803
-192502 165174 168162
-186148 161974 171475
-178438 160519 174618
-166495 160592 176523
-161592 159869 176327
-164802 157297 173697
-276464 186206 115558
-290624 190195 112514
-288146 192010 119342
-314785 196498 112887
-330653 201680 98235
-352155 207679 76704
-342550 202911 87469
-328163 197983 100381
-282765 179186 123947
-305362 189195 110669
-299503 194995 114993
-194380 156252 170756
-193118 155257 170132
-188215 157725 167751
-303524 200707 110691
-318361 206440 98797
-332464 215552 83799
-276132 191829 111103
-184667 165766 149066
-302937 202430 113320
-319598 208657 100641
-340902 209150 83011
-336371 208713 88522
-320128 207746 100937
-301585 204422 112767
-215893 151423 164847
-212290 153153 166036
-209765 155777 165804
-204244 158729 162779
-201723 156971 161823
-196685 157840 161519
-196655 161575 160760
-185010 170388 156419
-313849 214707 101874
-272277 196315 116401
-227879 179535 132282
-205690 173848 139791
-183888 164348 154687
-173814 163303 159190
-177253 160529 160240
-176400 159641 163146
-176584 159546 163780
-176759 158880 162948
-164690 168794 163761
-173669 176658 163367
-291483 220390 102348
-257603 194237 121291
-235702 180143 135372
-197980 166060 155656
-229975 152368 165005
-232332 153209 165489
-230025 157291 165634
-225159 160036 165623
-219631 161038 165503
-214899 160446 164428
-213554 159491 163595
-213292 169353 161274
-242323 154952 156022
-241924 157067 157080
-239740 159394 157628
-237947 158284 157423
-237845 156923 157546
-239577 154133 158582
-241363 154555 157118
-235744 161222 155237
-294201 169063 138151
-299891 173546 141033
-299907 175396 141306
-297098 178033 142294
-296733 177300 144864
-303230 174784 148251
-321898 183885 127006
-329836 189221 118409
-334266 196444 113366
-334142 199401 111517
-333765 199619 110872
-335897 198020 108654
-336838 198674 107488
-358561 205068 46568
-373547 221475 -17299
-380103 221537 -46994
-358088 232676 41557
-355857 231947 45171
-353012 231057 53685
-354140 229116 55767
-355297 228921 53786
-402025 200924 -96980
-401235 192545 -121005
-398078 187799 -142803
-395726 194049 -159452
-396688 201847 -139279
-395374 207320 -126201
-353017 237169 -100905
-343344 233018 -134384
-340219 229357 -150923
-325975 227687 -175019
-391557 197314 -140743
-393520 190459 -154648
-371956 222973 -25926
-367119 227673 -637
-365191 231430 13195
-362910 234464 27084
-358214 249709 14915
-357417 252722 10321
-356502 256088 7389
-356866 257918 10781
-356862 253904 10722
-357021 254471 13634
-357194 251656 22305
-358452 248703 25587
-357982 245132 31245
-359517 244184 30382
-359888 242954 31439
-357343 245687 36101
-356432 243310 38610
-355946 243310 35596
-349261 251964 26820
-355098 253519 16299
-360829 233746 -139575
-354928 225063 -168917
-348526 220206 -188221
-332558 218295 -209881
-339915 228162 -187061
-341795 237882 -166318
-357414 258519 -36757
-359272 249921 8378
-360757 245537 20546
-363320 238810 40732
-364462 235955 40865
-367697 234800 34930
-395425 199893 -124219
-394936 194910 -137842
-393881 189857 -154701
-388017 197744 -165097
-385444 207440 -152795
-378889 222032 -128520
-356120 256436 3927
-355716 255690 8468
-353990 254908 13813
-350356 254542 20118
-390983 210174 -119050
-384848 202761 -138189
-376654 200675 -149987
-354940 223087 -100013
-340157 244834 -29236
-337898 252477 -7798
-335640 256858 8680
-367537 230584 -106391
-369702 231790 -111411
-368141 239350 -99388
-373783 232967 -81731
-375320 233859 -85144
-357059 256006 -1374
-356910 257349 2945
-356897 258540 4847
-357570 256510 12828
-370200 236992 -14928
-404581 200186 -119449
-405441 193998 -135210
-406045 186838 -153446
-400556 187000 -170331
-398775 197967 -153926
-395353 212576 -127488
-400948 198278 -129208
-400716 190833 -145409
-389566 191467 -166465
-383921 208306 -110180
-374924 229197 -7643
-396876 221510 -68318
-388358 234803 -4236
-406852 191488 -147517
-402748 181297 -167175
-396149 180480 -177993
-396434 197727 -155343
-385694 224219 -1321
-384215 220184 7835
-364427 210195 70509
-362966 213411 69786
-359787 215552 70021
-359622 212991 75821
-363927 211756 74908
-375347 205221 71342
-416033 189149 -66333
-403519 194276 -72900
-393691 201107 -65850
-345432 225025 24411
-343323 226528 26645
-341920 229358 28671
-340533 231221 30764
-358009 215951 -24732
-366957 206231 -56168
-373323 193503 -90610
-373178 183274 -119033
-362889 185610 -154234
-363246 192536 -148457
-363246 192536 -148457
-356015 208823 -92550
-351334 228319 -9873
-384147 173153 -144663
-387228 181893 -132975
-387869 188593 -123390
-365707 220894 15424
-392116 188142 -94103
-389626 179487 -115009
-387914 175286 -128006
-373694 185942 -128744
-360527 202426 -80558
-349048 217302 -38499
-344445 232962 5447
-346509 236141 3658
-340265 246084 2695
-338771 249202 4526
-339984 251701 7499
-342395 246896 2452
-340707 253250 -13527
-337499 262287 -31719
-336515 262856 -35261
-337031 268308 -43003
-335829 268451 -49216
-332420 240044 -156499
-320291 247353 -157625
-288622 295379 -81259
-287252 297485 -76910
-287304 298443 -76499
-292838 298418 -69369
-294129 298825 -69538
-298703 295581 -73688
-253668 273199 -175758
-241257 270481 -189796
-232021 267232 -199290
-219196 264228 -209325
-210385 282728 -181223
-217488 299328 -157208
-239344 312403 -149426
-224310 308514 -162920
-226830 314892 -152620
-233069 322496 -139553
-238902 325901 -132684
-244880 323633 -127075
-238962 326445 -138136
-197867 301233 -189259
-182015 283898 -207793
-173855 278216 -215250
-161173 281030 -217114
-166648 286313 -209729
-192161 284738 -208457
-194123 278738 -215505
-193416 271423 -225634
-207199 277865 -205464
-200106 272958 -211658
-192290 269604 -215363
-160525 277413 -210138
-157153 284040 -200353
-156196 290070 -190468
-146668 302577 -181184
-147028 302391 -180472
-149924 299989 -180550
-154394 297022 -183478
-154568 295738 -182598
-155824 293184 -182050
-157342 290711 -183702
-169985 283733 -191216
-147572 272898 -196996
-135915 268950 -198282
-125918 267251 -196733
-101903 264216 -181291
-94019 264957 -179653
-77368 267338 -181114
-64220 265661 -186594
-15677 300490 -230571
-17582 301270 -245026
-26895 298759 -252531
-146738 323608 -227620
-156661 323685 -221617
-143462 270333 -222401
-135639 263642 -225753
-168369 296445 -177744
-171620 296783 -175271
-176001 294944 -176169
-185199 294384 -176585
-174226 269296 -209220
-169196 266756 -214654
-191362 282657 -184411
-175769 283360 -178227
-185642 288468 -169142
-191781 288992 -167703
-199558 289948 -169100
-203647 291677 -169700
-208906 297982 -161490
-219528 296615 -164990
-217283 295042 -167454
-137917 267886 -193114
-130436 264104 -196776
-147652 291574 -168658
-175260 296282 -161316
-130786 272610 -180871
-131608 269927 -180037
-94718 258503 -156081
-87683 256683 -154506
-74343 250462 -146755
-71182 248528 -143436
-73130 248423 -142610
-126121 256777 -168927
-114487 252115 -165702
-111113 253976 -159715
-107051 254691 -152813
-105436 252592 -150296
-94088 229451 -122274
-92044 226991 -122118
-90332 223425 -123701
-93509 219448 -134225
-106980 229667 -149345
-114719 237916 -157150
-120550 246418 -161256
-133767 253408 -165877
-66280 240746 -115338
-67208 241218 -116084
-70606 243025 -120974
-79605 244553 -135016
-98537 251204 -152173
-103456 251722 -156204
-113027 267617 -146775
-117050 271784 -146453
-123408 275343 -147373
-156942 274892 -163026
-165713 270020 -189981
-210962 292230 -185934
-84610 270590 -200017
-60472 272262 -184767
-81549 288180 -175569
-86279 289545 -178448
-93282 289711 -185504
-98504 292794 -182539
-102126 294924 -178974
-8857 225187 -112523
-5749 199954 -95058
20948 224466 -64147
19539 221627 -61526
146 205454 -42456
127 210193 -42831
-1354 209736 -40303
-5394 213350 -28869
-7694 212490 -23833
-107412 202406 134541
-111774 212399 136814
-102854 242249 101898
-33787 175779 -52741
-33792 179126 -64907
-36344 180527 -83432
-45572 190175 -121953
-144360 233946 -190954
-144332 233527 -191077
-195694 228444 -218594
-322970 237953 -59849
-326501 234875 -55377
-113738 169917 143124
-108631 174012 139420
-107469 178176 119551
-98946 178348 113901
-142442 221652 112692
-143743 226922 110460
-146586 231488 107672
-123665 239673 85884
-105977 232415 77953
-18841 181091 -11706
-17648 179990 -12335
-15685 182034 -18365
-16944 181682 -24041
-18597 182464 -29072
-18385 194489 -47014
-62861 241100 13342
-70465 245199 15891
-73941 249715 18520
-71448 250901 25310
-63700 242213 20493
-16862 201851 -47604
-18415 204131 -55007
-19024 207546 -63049
-20878 208930 -64312
-20261 211524 -66311
-19253 211317 -65395
-25768 214708 -59532
-65900 235201 21604
-78513 246336 30412
-83048 250587 34966
-85299 246120 46748
-75974 238267 46674
-61482 223440 44790
-23153 154009 35345
-22585 155201 33104
-19462 159200 20032
-17712 161103 15564
-15093 163531 14711
-17116 166259 19166
-109274 238364 82600
-127839 242061 87710
-114829 234009 88356
-92086 219183 83467
-24813 163927 51362
-23943 163523 47004
-20609 165606 43621
-12822 172954 31300
-10336 175838 23037
-15908 181291 17860
-115870 253166 73100
-96983 240579 71600
-19755 183885 24021
-19397 195272 5754
-22928 198305 -4771
-22973 197925 -2866
-25465 205381 -13113
-30480 213258 -19483
-24053 219420 -46685
-70326 273905 22015
-54333 261076 17716
15063 205640 -20518
12412 212563 -42186
21741 221764 -39597
12008 223377 -55946
-12482 230186 19208
-6330 212446 20481
5399 185509 4171
5647 176202 3880
6271 175700 -458
6717 178686 -12552
3705 181910 -11322
-8040 174325 9616
-10837 173277 12632
-12090 175910 9908
-11769 178728 7351
-10352 180524 5459
-9358 203870 2210
-12117 204898 1021
-174502 240641 78928
-171401 242635 76236
-153731 247827 71705
-118163 276153 55414
-132770 278740 52932
-139092 282160 56596
-139734 278769 61044
-135282 275032 66009
-134159 270595 72235
-132926 264624 77450
-129063 255285 82026
-127207 249594 85939
-125946 241981 93726
-123825 235160 99926
