-163984 313622 -120937
-163125 312933 -120717
-164268 311036 -119968
-166802 308487 -117678
-168827 306451 -115419
-173799 302464 -106742
-177999 298718 -93068
-180980 294856 -75005
-182579 290915 -54370
-32411 234816 73430
-32549 236134 72673
8465 262768 78980
13806 249236 86332
14105 248756 87691
13312 247388 89976
6263 245683 90741
745 246976 89555
-14298 248393 87523
-19057 247466 87466
-22296 246363 87722
-313310 247706 -146339
-323372 240875 -146775
-365281 208901 -141710
-428124 163657 -71383
-432257 159041 -68068
-439336 135990 -35963
-439724 135257 -2569
-440409 134624 1877
-441752 123438 26482
-441283 121659 28497
-435671 108090 49176
-433681 106824 56587
-427718 109099 71196
-418502 125330 92189
-414803 132499 97301
-412303 136037 99688
-402710 146006 108339
-398796 149430 111897
-389450 155123 119449
-352557 164092 152551
-339752 164361 161263
-333208 163916 165480
-318871 162361 173345
-279786 154813 191942
-218197 148139 211491
-211848 147097 213180
-132214 112912 214713
-109543 119882 212614
-98364 147278 210877
-110180 158520 207996
-121764 161266 205805
-136037 175895 201062
-141653 182454 198666
-164192 205955 194243
-170949 289059 160851
-246499 270012 195373
-245454 269840 195426
-244523 268106 195692
-241735 264423 196599
-229562 188675 229751
-233865 190382 228065
-236057 191034 227457
-250633 190710 221478
-224555 217089 163572
-224460 217778 162175
-220132 213391 162242
-215535 206634 166592
-209532 199285 171937
-204776 190350 177286
-242433 147041 191560
-244679 146136 191240
-278177 134640 178769
-285420 130272 175739
-291931 126655 173025
-331058 129203 122496
-402015 132649 -18212
-403885 134704 -27019
-354866 222032 -180888
-352733 223453 -183027
-347808 225719 -187249
-343250 227603 -190978
-322855 229119 -223357
-321723 230704 -225362
-318938 235929 -226637
-315399 243362 -224950
-312109 251461 -221765
-331910 172756 -221703
-334894 172429 -217910
-335172 172309 -216075
-329084 174494 -214235
-328299 176457 -212731
-327611 179075 -210589
-329727 201599 -191290
-329125 203896 -190913
-293694 203748 -185903
-287958 206029 -180140
-274826 214487 -161250
-271072 217751 -154969
-307929 234230 -121678
-311724 232545 -124125
-313408 232127 -125259
-318553 228232 -126961
-321245 227868 -125067
-322264 228485 -123084
-324706 230237 -118742
-327465 236019 -107488
-326794 235762 -107626
-325389 235752 -109167
-152796 331247 -109991
-138707 340292 -109243
-128341 348174 -107171
-109305 359056 -92870
-101434 361161 -79485
-91657 362577 -60884
-67725 293695 103722
-69683 287710 114418
-72082 282575 122186
-175627 207919 151335
-197651 203443 148073
-199345 203063 148314
-201673 201867 148653
-196332 152519 164233
-196991 146204 166729
-207035 126992 175393
-208831 125818 177319
-213014 123836 179925
-215262 123056 181135
-222491 123435 184219
-225130 123681 184892
-230078 125105 186314
-209034 116131 200732
-195173 145794 201663
-194926 148645 201505
-195722 154250 200965
-197840 159751 199961
-201121 165425 198742
-342264 169238 69312
-355842 168441 56301
-365866 191730 -43232
-363782 194239 -46303
-363140 196367 -51894
-366266 195991 -57994
-371510 193246 -63358
-380241 187369 -65009
-402299 173237 -65320
-132996 294693 -52344
-200609 298607 -94333
-212618 248450 -158279
-213116 247394 -160619
-214804 244817 -165396
-225392 243830 -166812
-227832 246673 -162909
-230121 250499 -158018
-230871 255886 -152042
-230587 259000 -148562
-230159 264475 -140911
-280163 266903 -122127
-285637 265463 -125313
-290555 259136 -144233
-290790 256189 -149888
-291042 254015 -152752
-291285 251471 -158154
-276294 263425 -162238
-268125 269607 -162248
-265134 272056 -161992
-259797 275990 -161272
-257059 294026 -148733
-257151 307003 -130394
-256282 307253 -130295
-254181 307184 -131426
-252409 307411 -132548
-241136 308459 -139396
-238669 308602 -141022
-234987 307701 -143548
-233514 307414 -144579
-240565 297107 -149393
-251861 281557 -155911
-256528 275537 -158322
-264936 266533 -159887
-272113 261777 -157195
-279277 259992 -149574
-283368 260043 -143627
-289788 260998 -129212
-294628 263268 -114415
-283154 286271 -81910
-275018 288982 -84950
-237174 300493 -101476
-230571 301784 -103567
-223828 302472 -106312
-242610 300046 -97984
-240728 298725 -108519
-248685 291946 -111767
-267753 284046 -111644
-317103 210882 -186989
-317857 210216 -187788
-318528 209378 -187285
-319904 207836 -185756
-323581 206767 -179264
-327532 206062 -173212
-331401 207660 -165906
-332951 209303 -162343
-335222 213347 -154284
-335451 218431 -146933
-327444 240115 -127330
-327239 241226 -126414
-327248 242795 -125136
-154286 313652 -148107
-123556 306107 -136023
-122582 305388 -136074
-122109 305165 -136165
-121381 305295 -136164
-121414 304171 -137457
-118766 306311 -128693
-119065 307166 -124443
-119500 308309 -119952
-119054 309511 -116672
-33191 290280 -81064
-35957 289615 -86615
-36412 288739 -88238
-39177 284815 -94770
-40682 282908 -100365
-63775 285883 -135482
-64072 288236 -130007
-62752 290430 -120968
-58894 295079 -93931
-57062 293148 -68747
-55351 291923 -48754
-65513 293946 3756
-67699 295862 4545
-78911 291349 -21698
-81697 288652 -33300
-83334 286240 -43430
-84762 276252 -71870
-85006 273859 -75500
-85051 273245 -78402
-85145 272839 -79776
-85523 271949 -80588
-83877 271171 -73933
-79246 269968 -62371
-41115 258594 18148
-62532 274587 -4570
-64465 275139 -7298
-68134 275959 -13032
-76217 284961 -33880
-84108 282818 -55941
-85704 283413 -60014
-78250 276039 -36902
-75032 274783 -24034
-73337 272978 -14604
-72770 271924 -6316
-73152 271838 883
-73083 271309 3698
-71816 268417 14604
-71989 267790 15629
-69788 259575 34386
-67935 256937 39761
-68649 253251 47608
-75983 273893 7378
-74768 277424 -5451
-73613 280044 -15142
-71294 281758 -21353
-70182 282389 -23109
-67787 282504 -24527
-64949 281308 -21713
-62608 278845 -15640
-49538 269412 60650
-44081 266038 68497
-45299 265935 70752
-47273 266250 74017
-49778 266651 78363
-51356 266695 80492
-56040 266524 87877
-56762 265858 90484
-57511 265572 92977
-19216 292540 6935
-16428 286469 13897
-15349 284261 17635
-14874 279615 24480
-15456 276387 29505
-16971 273587 33999
-19069 271752 37543
-19835 271383 39000
-20446 270553 41259
-20107 270301 43777
-19754 270624 45882
-31521 278991 44894
-35205 280484 42800
-42914 295293 -11155
-46018 296659 -26644
-49483 297217 -39046
-57155 296792 -65445
-57541 297910 -70291
-76964 297978 -94528
-90303 296436 -103405
-100704 296456 -106169
-104916 296749 -105348
-111095 298720 -100776
-112890 305842 -53615
-111135 306722 -49074
-87813 294661 -38473
-86136 293904 -38764
-83723 292464 -40722
-82925 291614 -43019
-83524 290589 -46014
-83809 290040 -47988
-84978 290059 -52790
-85171 285836 -37867
-84981 285855 -41526
-83641 286867 -46026
-69804 272583 -7444
-68687 271218 -7161
-94107 289880 -76065
-95470 290058 -80962
-102052 291553 -84448
-120431 284088 -129974
-124230 280861 -138746
-129660 279253 -145311
-134437 279091 -148388
-137944 281798 -147013
-139076 283773 -144311
-139864 288364 -135004
-139540 293097 -121897
-116106 302756 -43334
-112153 300910 -37049
-93159 295991 -29348
-91435 295637 -28882
-81857 286102 -22881
-80550 285289 -20396
-79106 284128 -17472
-76512 280882 -10724
-75348 278997 -6458
-74995 281032 -10373
-74973 285601 -40195
-75823 287157 -43478
-73394 290620 -44050
-71155 290906 -41348
-61566 267371 9854
-55527 260206 29369
-49629 255273 46148
-44522 252509 60617
-42182 251846 67290
-37255 251516 77806
-34429 250645 86233
-28536 246994 97199
-28673 244361 101137
-29289 242916 102520
-38440 243940 97085
-46025 249195 82843
-49346 251045 77513
-55387 254588 69414
-61596 257638 63711
-66379 260104 59888
-70537 262142 55930
-72591 264058 49870
-72884 265460 46263
-73625 278927 26039
-72616 275166 29948
-76215 273785 42645
-77768 273179 44547
-79088 273147 45778
-80098 273750 46524
