-146055 363113 -74472
-142245 364202 -74962
-139431 364961 -76180
-138055 364445 -78088
-137673 363890 -79127
-138172 361262 -82031
-139247 357938 -85268
-133786 348636 -95762
-129673 344653 -97599
-51342 235235 -160018
-67306 235072 -165169
-96505 220652 -187449
-116856 236481 -183707
-116068 200029 -214062
-116260 198950 -214905
-117192 196955 -216933
-127776 161193 -243097
-127629 159794 -244060
-172434 135772 -267237
-177695 133988 -269215
-184844 131384 -269887
-193984 128641 -269979
-199661 127111 -269832
-210822 124948 -268952
-222413 122185 -268710
-233829 119488 -267944
-245372 116711 -266860
-251001 114797 -266503
-262391 110082 -264622
-274918 104513 -260576
-287547 98608 -255623
-293903 95357 -252470
-354856 85783 -216632
-286379 161436 -235297
11110 243302 -97322
15172 243260 -90552
9655 242929 -71407
3070 243705 -68265
-4268 245668 -65456
-7335 246385 -63874
-16627 247177 -56511
-20192 247248 -52829
-23550 248184 -48284
-25107 249186 -45924
-27932 251477 -42117
-31032 253268 -39652
-33828 254096 -37446
-37159 254533 -36048
-41958 326671 94057
-43646 323570 94072
-45510 320380 92592
-46271 319033 91743
-51077 302361 76072
-52315 299989 72071
-56312 298839 63151
-57382 299280 59375
-60732 302500 54702
-99329 236927 163540
-109058 236804 166901
-115391 237131 168706
-118600 237944 169440
-118618 238941 167790
-117741 240424 166466
-114952 243503 163451
-111176 248194 160148
-105397 254317 156785
-99445 259906 154764
-93387 265468 151660
-89964 268060 150252
-84300 271289 147296
-82388 272328 146284
-101800 276743 154215
-110800 261353 150358
-123253 244292 146234
-129756 236836 143526
-136273 231925 140487
-141234 230096 137870
-146082 230186 136241
-149347 230512 135786
-176362 236405 87651
-172546 241410 69592
-170553 243934 61268
-164358 251971 38454
-161964 254599 31622
-158522 259418 19279
-155672 263586 8836
-166060 274211 -603
-202206 272127 7798
-228332 272575 12045
-247323 273434 14434
-284578 277784 23110
-292880 278538 23787
-297145 278446 23289
-385490 184524 -133943
-381260 170695 -157947
-377852 164133 -168954
-349251 138891 -219317
-316230 127595 -241273
-290048 119346 -243384
-268512 111606 -246163
-249192 104264 -248815
-231241 97555 -251343
-194954 88281 -257132
-182918 89302 -259060
-172362 91969 -261427
-167467 93673 -262949
-85589 146528 -242190
-73356 177730 -218444
-72663 189118 -211403
-70780 211815 -193295
-70780 211815 -193295
-102556 230262 -142151
-168014 264522 -41988
-179139 267690 -25716
-187844 269047 -11373
-200958 274138 19190
-200438 275046 22566
-198629 278250 28255
-220022 313067 24504
-224976 315325 33844
-228928 315249 39862
-232957 314478 44366
-236755 313616 46793
-238661 313714 47019
-242715 314437 46152
-247085 315272 43491
-241431 318780 41801
-238927 320483 41151
-233366 322723 40084
-226352 324635 38283
-188779 311365 70857
-182446 306855 80087
-173773 301592 87276
-184601 302143 78842
-202526 303178 64207
-223526 305990 47794
-238511 305606 38156
-243497 305130 36012
-251959 303328 32568
-270457 295724 27259
-271450 294909 27452
-268863 289653 35345
-261130 291622 36177
-250449 294148 37616
-243510 295144 39788
-238271 295861 42284
-234805 296409 44552
-232979 296633 45433
-230134 297066 46738
-345267 190220 22625
-347089 189624 19769
-348512 189956 15398
-354280 193488 -32091
-365998 196284 -58887
-352948 178818 -106735
-347230 173490 -125719
-272952 157561 -245266
-266832 154720 -253566
-267744 152226 -258927
-273935 150664 -261007
-278468 150581 -261156
-324675 160038 -244784
-327056 156001 -222308
-325849 156826 -222870
-324094 158676 -224072
-323950 159417 -223699
-335542 156049 -213436
-340121 156806 -210071
-344930 156252 -206455
-347937 155274 -203864
-386632 200193 -88970
-387203 201119 -85874
-387422 203363 -80317
-386844 203967 -79428
-384471 204762 -79852
-381173 205278 -81968
-343479 210207 33272
-337564 211087 46202
-335493 211776 50402
-333812 214116 54479
-334644 216901 53092
-355920 218336 -11665
-360308 208498 -40122
-365955 186408 -107907
-367034 182366 -119769
-368001 179983 -129517
-373972 182985 -131105
-373875 187636 -113967
-374214 195090 -89646
-376189 199335 -76332
-382433 176676 -123338
-379554 178517 -128095
-374680 180983 -136689
-370088 185214 -146494
-366683 188538 -150841
-365623 190470 -150811
-355644 238053 -86373
-358597 239035 -84167
-379314 221545 -140077
-381903 220461 -139647
-385057 219209 -137826
-386725 218508 -137023
-368617 279713 -84307
-369115 280749 -82919
-370213 282223 -81625
-370482 283577 -79772
-364735 285223 3223
-365111 282905 13273
-365010 280771 17878
-364033 278387 24056
-362463 266083 2368
-363086 264610 520
-362757 263905 -568
-362112 263617 -647
-350678 261437 17395
-349968 260632 19346
-346797 260100 8099
-342523 259870 -10852
-337358 258728 -34194
-335688 258412 -37644
-332593 257893 -43484
-328732 258706 -50186
-324510 258906 -58243
-321466 259566 -67570
-319444 259958 -76343
-318734 259463 -85082
-318975 258473 -88560
-318334 257518 -91026
-320932 259064 -52292
-321165 259906 -43130
-321258 260922 -28606
-320776 261981 -23230
-319338 263983 -14411
-318638 267429 -7679
-318708 268725 -7544
-433899 220886 -81787
-436932 212175 -90818
-439883 192363 -109636
-436723 189618 -115431
-428238 185048 -126158
-418460 181474 -136349
-396652 173248 -154387
-388877 169403 -158346
-381237 164677 -161115
-369489 156866 -164022
-363815 152145 -163857
-360699 148145 -161059
-360111 144980 -152067
-352476 165899 -158497
-349880 176657 -160274
-349130 185597 -159873
-325386 275251 -26871
-326252 273542 -24023
-326570 272800 -22820
-326662 271093 -20350
-327900 269800 -17545
-328292 271257 -6632
-326876 272396 1044
-326066 273071 2939
-324963 274826 5100
-324850 276498 3689
-325119 277336 1353
-327948 277551 -11632
-338183 262154 -76593
-325527 260436 -97236
-319403 259959 -106349
-314659 259950 -111911
-310406 280382 -37690
-311998 279440 -34116
-313424 277921 -30339
-315903 276280 -26894
-320225 273732 -17155
-320022 273565 -15386
-319538 273648 -12201
-320685 273805 -10358
-321250 273854 -11314
-322597 273795 -15459
-323273 273402 -21651
-326715 267730 -24902
-332041 258643 -25431
-341174 243858 -28081
-341877 242251 -27645
-343547 239267 -26135
-345228 236336 -23656
-347214 225448 -10928
-346273 224162 -5395
-345930 228580 -945
-346631 235616 -1201
-342233 250893 10246
-339994 253468 16451
-338595 254935 19720
-335273 258148 24362
-334539 258880 23492
-334262 260886 17611
-334704 261950 13385
-344814 257082 -22147
-350774 246936 -28957
-351596 245582 -26586
-351738 244865 -24648
-349448 247406 -21760
-347628 248717 -17804
-370096 290516 -47468
-374785 298332 -36201
-376261 300185 -34898
-377704 304278 -27368
-373940 290875 -8239
-370898 286001 -1114
-369011 284526 2850
-364696 283259 9851
-359995 283780 14283
-356649 285763 14573
-355700 286681 9601
-356163 286621 5776
-370578 271426 -50075
-353764 274832 -43326
-343094 277168 -42106
-337129 277148 -45944
-339268 248326 -114121
-340734 246910 -115605
-338417 250772 -97330
-335179 256835 -67674
-324448 266318 -5816
-320396 268250 4838
-316291 271060 12966
-313598 273146 16546
-312498 274403 16503
-311884 277262 13207
-322600 277850 -54512
-326134 275550 -65445
-340443 266880 -85962
-346414 264798 -92196
-349429 262924 -97447
-349047 261845 -103192
-346102 260466 -109128
-336944 255004 -123097
-337117 252247 -125362
-336274 250389 -129346
-336013 248292 -133840
-338470 242264 -142536
-338397 239924 -146057
-333491 236366 -154944
-331267 236674 -156363
-331054 237256 -155547
-328220 248153 -118097
-322041 261591 -48974
-321161 262567 -43453
-318651 262318 -15693
-318870 262678 -13356
-319519 262425 -9176
-324525 258801 -24050
-358532 239800 -91826
-360891 237800 -96548
-363316 234884 -106404
-362635 232282 -122426
-361181 232122 -127448
-356779 232647 -136756
-352331 233395 -144922
-349390 233396 -148332
-344142 233744 -155051
-339768 233363 -160270
-340854 225806 -169619
-339041 220367 -178699
-337161 218621 -182687
-332923 215532 -189379
-323101 206354 -204600
-321638 204934 -207150
-317917 202325 -212562
-306099 198599 -222471
-303807 196331 -226280
-306093 193328 -227995
-300681 187537 -230471
-259524 103908 -250051
-255145 95576 -250892
-226898 133301 -235892
-220219 159602 -228961
-216174 180274 -223392
-215584 212740 -216584
-217538 219401 -216110
-218921 221601 -216246
-223777 223429 -217023
-231151 221416 -219399
-240097 216434 -222924
-262847 200562 -230108
-276411 196999 -229070
-281984 195174 -228936
-292151 191112 -227939
-302747 186229 -226659
-313662 180579 -224723
-318254 177731 -224008
-325610 172591 -223547
-332713 168358 -224335
-334599 169634 -223984
-334999 171004 -223586
-335721 174547 -222286
-336523 201127 -191458
-325702 169781 -210660
-326717 157343 -216370
-326377 156875 -217374
-323542 156604 -220108
-317471 156772 -224086
-309748 158457 -229166
-302682 160215 -233477
-300097 160963 -235492
-296249 161769 -238433
-292488 162011 -241107
-289017 160752 -243744
-289911 155191 -242387
-323500 142399 -229561
-326073 144856 -226523
-327181 149043 -224066
-311581 250599 -110308
-309917 257030 -102773
-308427 262029 -98026
-308404 269657 -90450
-308263 273403 -84898
-299251 279600 -70618
-298894 279300 -70491
-299964 280664 -65284
-299410 281877 -60277
-299707 282796 -55581
-303869 280147 -53358
-310134 276522 -48568
-315156 273934 -45669
-319844 272309 -45400
-321939 271270 -46550
-326800 268498 -51512
-331581 265390 -58114
-340286 252152 -72181
-337069 257451 -57832
-335131 261751 -46537
-334415 263907 -41770
-324430 272191 3296
-323063 273168 5720
-322355 273522 5155
-321794 274825 -534
-323033 275353 -11546
-327137 272802 -32346
-334338 266148 -58283
-337915 255745 -78617
-338347 248323 -96876
-337225 242023 -112223
-337463 236486 -124237
-338180 233850 -128957
-340050 229254 -136973
-341632 225866 -143655
-342694 223498 -149792
-341401 221191 -158819
-340819 221877 -158496
-337257 234131 -142265
-336425 238540 -136032
-338980 253410 -109475
-340044 255892 -102735
-339988 257055 -99943
-338744 259752 -95466
-337257 262894 -94213
-335388 266744 -95851
-333787 269757 -98295
-333354 271395 -102141
-333271 270477 -103205
-331839 264825 -112953
-321256 271818 -82355
-318258 275333 -55990
-316716 276464 -57052
-315273 276487 -58549
-314789 276051 -59630
-313835 274717 -62792
-311558 274315 -67219
-310274 274241 -72089
-309282 275009 -76512
-307660 275663 -79505
-306927 275856 -80592
-305632 276883 -83519
-297962 279654 -88831
-315854 275593 -88564
-318307 273551 -91207
-322707 270375 -92461
-325945 273358 -27999
-330008 266458 -51493
-330607 263676 -61781
-331783 250525 -107570
-332085 248534 -112724
-331850 245690 -121254
-331434 244959 -137031
-333067 246553 -136865
-332062 248835 -124156
-321348 226793 -168158
-319879 225594 -172038
-319008 223777 -177026
-324964 266168 -98242
-322770 270216 -91820
-306626 238634 -145851
-306179 226795 -161533
-309616 242776 -161852
-304364 231479 -173196
-292588 242856 -178899
-285646 261589 -162728
-285341 262566 -161062
-285148 263345 -159604
-294029 254480 -161328
-302338 242761 -164607
-317279 148945 -217021
-317744 147052 -217943
-248442 219539 -215248
-256909 125171 -255986
-256670 122425 -257663
-253202 115883 -262176
-250717 115245 -262969
-248628 115164 -263548
-242612 115229 -265435
-236735 115075 -266231
-231368 114491 -267077
-221073 113804 -267687
-212403 114572 -267732
-199890 117086 -267115
-199353 117225 -266801
-202046 116535 -266444
-216674 119510 -268062
-190808 123474 -261867
-177512 117081 -260145
-79001 188726 -200765
-78501 190635 -199670
-77763 192156 -198561
-76825 194782 -197389
-76419 198477 -197641
-76691 199018 -197911
-77786 200129 -198241
-81464 200164 -200397
-88161 196985 -204316
-95886 190398 -210036
-100325 186248 -213482
-114233 126820 -236123
-105654 135193 -227233
-65427 176106 -189932
-63098 179668 -187416
-59685 185755 -182397
-58749 186461 -181947
-58339 185331 -183094
-59835 179966 -187291
-63417 170327 -194066
-44879 147757 -172326
-31463 150242 -151737
-25880 150737 -142895
-6483 146216 -113504
-6623 142800 -115749
2035 143044 -98789
4598 148962 -69632
5618 157543 -31446
5511 160491 -25342
5569 163460 -21024
4545 166727 -18431
5117 172039 -17665
4199 178723 -19703
3346 181610 -25501
8460 184374 -26573
5828 189302 -30227
-10 199197 -35377
-18881 229552 -37588
-21825 234307 -33232
-22756 237301 -26634
-22879 239199 -19754
-22944 239824 -17285
-22320 241009 -13590
-22667 242601 -12673
-23776 244860 -12384
-25516 246449 -10344
-27391 243724 -7091
-25950 240939 -10520
-25706 239097 -12205
14894 208324 15349
46841 187895 31758
59886 181508 36113
117151 176787 1315
107090 161604 35992
102479 154304 49943
95064 142701 73394
90211 133865 90851
86946 127231 103505
87624 114881 123437
89981 109518 127741
93248 104663 130258
94942 102905 130701
98012 102318 128643
99921 106359 123655
100181 110164 119823
82036 131810 95517
74706 140834 85303
62822 156426 69613
53011 168288 58622
37539 186379 45412
35613 190359 42934
36641 192712 39902
39744 194064 36541
-40132 189391 1297
-53985 188868 -3282
-63682 187915 -7688
-67347 187525 -10027
-72441 186943 -15158
-76125 186600 -20324
-79039 186731 -25357
-82265 185707 -29005
-85559 184594 -32135
-87314 184170 -33593
-88850 183874 -35019
-93647 180988 -26905
-119953 170537 -67031
-123217 168939 -67830
-131733 156730 -78786
-135030 145150 -101402
-136151 140281 -111152
-136528 131590 -128516
-135233 125639 -142467
-133997 121374 -152454
-133894 118802 -157823
-142945 123846 -148918
-127190 140245 -129183
-116056 150978 -114489
-115124 152731 -112028
-113670 155607 -107568
-112622 158521 -102944
-111876 160536 -99339
-109068 167262 -86271
-129129 53719 -191972
-129520 47597 -197107
-130608 42845 -200747
-133529 34019 -206500
-117774 74155 -186948
-113927 84310 -181505
-107532 101759 -172218
-95824 130866 -154946
-92912 139232 -149193
-91133 146031 -145107
-92752 149324 -142907
-96232 147841 -143707
-98228 145561 -145019
-103593 137517 -149317
-108826 127430 -154943
-104973 130852 -154700
-100057 135311 -155792
-97869 134798 -159375
-98809 128283 -166084
-101488 118026 -174802
-112783 26703 -218173
-101666 11017 -228971
-100423 8932 -230150
-101027 7485 -230743
-107216 6661 -228955
-108290 8728 -228947
-106591 11267 -230778
-101943 14636 -232742
-94025 18377 -235090
-105969 17498 -230419
-109595 15619 -229008
-111949 12877 -228425
-114777 10708 -229072
-114267 13805 -229505
-111354 18388 -230165
-108760 20589 -230644
-100913 24145 -231731
-92430 27289 -232909
-96177 25003 -231696
-111610 17280 -225374
-112734 17370 -224202
-112909 18389 -222861
-109321 19704 -223465
-103255 21320 -225419
-95911 23139 -228864
-92322 23847 -230556
-86284 25720 -232835
-81389 27876 -234740
-77492 29433 -236563
-77712 43927 -229540
-81348 53961 -222148
-88757 66317 -212616
-97092 69093 -207897
-125620 25072 -218600
-124265 20733 -220803
-124265 20733 -220803
-127503 31783 -211174
-117214 107914 -162843
-116812 110625 -160038
-116922 116441 -154620
-128636 107909 -153510
-131906 103496 -155096
-133735 92519 -166823
-132993 92279 -168846
-131176 92533 -172229
-128341 93926 -174050
-123698 98057 -174468
-123386 99300 -173659
-124449 100636 -171377
-129135 105547 -162555
-129722 103235 -167412
-129318 100423 -170925
-128606 99387 -173530
-128655 99188 -174264
-129580 100354 -173883
-131778 102249 -172551
-135099 108724 -163451
-131798 123656 -145412
-131536 124571 -142165
-134676 109105 -149518
-113216 57359 -199145
-110475 51331 -205430
-109640 48814 -207801
-108928 43477 -211560
-107087 49817 -208965
-100278 35128 -216108
-98901 25020 -220470
-80417 -1316 -237066
-69090 724 -238858
-48116 5560 -240307
-30436 9188 -241566
-16580 11722 -242830
-5776 13531 -243995
-929 13415 -244921
7980 13496 -246083
15813 13004 -247170
20403 11307 -247168
20412 9641 -246885
-39431 86555 -214385
-40615 96025 -209795
-38736 104119 -206974
-36548 111272 -205283
-31790 121788 -213346
-23826 133369 -207521
4824 112933 -213951
17418 105196 -216447
43757 96850 -215122
47287 97194 -214182
53079 99558 -211346
57514 103327 -206999
59812 107094 -203006
60184 110175 -199910
51814 95629 -205929
41639 62931 -218696
21402 2426 -243474
22583 -2418 -246663
27546 -5479 -248392
40722 -9336 -247317
45682 -11319 -246702
49796 -13729 -246539
55394 -18058 -246216
57039 -26155 -248231
78487 -6621 -231631
85273 -2473 -225512
95165 638 -217535
105223 2176 -209357
110070 3029 -205612
119513 3275 -198531
126584 3623 -192641
132756 3562 -188047
164675 10789 -150099
199391 42766 -88768
188572 31541 -120074
187950 32680 -120713
184318 47229 -124115
183015 51816 -123460
183763 53439 -119577
185093 54634 -115205
187584 55526 -105735
189884 56059 -97407
192043 56199 -90411
192043 56199 -90411
192727 57596 -87362
193297 58084 -84502
200146 56270 -73421
201078 55611 -73243
200947 53940 -75380
198786 50708 -79969
199288 48944 -88348
198264 44692 -103894
206874 12631 -145811
206965 11952 -146185
211352 34301 -86709
212020 37099 -78349
212381 39963 -71592
212948 42381 -67835
212804 43234 -66480
211917 47695 -64909
211524 48891 -66458
207900 54266 -82595
208317 55891 -82709
208149 56882 -82533
208381 57422 -82342
208498 58251 -81324
209212 57115 -85701
208369 56268 -83411
206839 57499 -83756
205884 58411 -83861
204120 61043 -84531
203771 64368 -85936
204059 64338 -86261
203523 62946 -89300
197391 58637 -101051
192818 56359 -108539
189973 54606 -111807
189776 53931 -111781
189754 51837 -109301
190796 49663 -105312
192841 48373 -100992
194406 47461 -97516
195455 47378 -96126
203209 45690 -90690
203863 44038 -92787
203809 50218 -78434
204763 52239 -76110
205006 53795 -75147
204320 54959 -74841
203530 55514 -75386
201390 56500 -77414
198183 61158 -78670
196235 56553 -72405
195781 55184 -73929
193995 52019 -79496
211300 48727 -85310
209338 48786 -84771
205696 49033 -83756
202908 50066 -83307
201270 51738 -82663
201291 53871 -80136
207134 53654 -74506
193909 11739 -134144
192815 10507 -136257
191555 11297 -138578
185007 18240 -146472
183796 21005 -147327
184556 23620 -145151
185712 24492 -142757
189798 25043 -133456
191573 25063 -130424
194223 25386 -126387
197077 25567 -124037
198468 25821 -122707
195972 40397 -111804
193007 47279 -110668
190052 52491 -112256
186337 55226 -116583
184420 55823 -120010
180206 55218 -128511
174795 51726 -138591
164953 26352 -142125
170336 36076 -122324
171919 40116 -114308
174460 47955 -99414
176555 54303 -86933
183754 61505 -64470
191759 58991 -61494
179830 21296 -121824
174396 25539 -141749
173750 28553 -143458
173978 31086 -143266
175180 31925 -141933
178579 32524 -137533
181593 32139 -132411
185458 51333 -111736
184479 56242 -109426
183844 58287 -109623
182184 61276 -111408
180041 61914 -116094
176337 58803 -122972
171308 52699 -131772
175884 31139 -142442
188661 40238 -125960
212445 60160 -92020
214394 64454 -89212
214883 67957 -88234
215595 70536 -88292
218589 72148 -86911
218940 71530 -86847
211473 67046 -96427
207764 64140 -101623
200094 57789 -112952
192553 49973 -124701
182222 8757 -155612
184411 8486 -154062
185676 19969 -142129
186766 24223 -136363
189634 31202 -124990
193094 36770 -115364
196438 41530 -107704
199738 46168 -101520
201246 48272 -98655
203945 52221 -92464
207096 56171 -83055
207909 56125 -82123
193142 61274 -100206
194564 62958 -97203
195143 63413 -95627
195576 63587 -94099
193138 53190 -104007
191700 44239 -112246
192783 34759 -120389
193135 31614 -122516
192288 26539 -127532
181875 16748 -147247
188494 42544 -125426
189382 47282 -119832
189864 51163 -115090
189793 54425 -111975
189694 55947 -111103
186906 66081 -111719
187093 66446 -111929
187474 67269 -114065
184923 61309 -122814
184369 49339 -128257
184873 44297 -129925
186121 35940 -131902
186599 29729 -134034
187509 26455 -135798
188440 25186 -135442
191450 22902 -132199
192760 20759 -130887
193079 17619 -131991
192020 13602 -136709
204844 27720 -110714
213215 37170 -95406
219774 44133 -84877
224290 48527 -79018
227184 50653 -78076
228622 50144 -81518
228620 49276 -84828
202209 44601 -125779
200116 49701 -123834
199058 54224 -120348
197994 57200 -114426
198230 59178 -106067
198576 59431 -102033
201298 60635 -86266
201997 60992 -81235
202045 62532 -76520
202139 63265 -74455
202822 62407 -73099
203792 60727 -71163
204234 59994 -69915
204060 59683 -71500
205381 60020 -78374
205208 59717 -79902
204147 59521 -84575
203753 59356 -88103
200942 58523 -96338
194453 53704 -112588
197731 51489 -98780
199238 48300 -97144
203323 59418 -83517
202928 61589 -78765
202837 62290 -76719
202913 64660 -74301
198484 67548 -78043
197673 66755 -80062
195892 62157 -89334
193977 59542 -95725
190851 57174 -104780
189420 54977 -110282
185356 49770 -121682
174613 7386 -162288
174837 6688 -161877
175316 6480 -161268
177534 17893 -156305
178067 20906 -154692
179898 27116 -150302
182481 32067 -143772
185575 35070 -135613
187878 36386 -131111
192528 38030 -122207
198376 37057 -119712
202619 35638 -122882
206234 38550 -127649
206179 41843 -128669
206259 45826 -128868
206877 47973 -127910
207515 51345 -125128
207957 53430 -121207
210236 54032 -115093
212646 54709 -108565
216662 55782 -99881
199148 51055 -89742
197247 63302 -81169
196730 64497 -81786
195517 64873 -85198
195302 64414 -87373
194739 63187 -90552
192897 60303 -98119
189850 54130 -112085
188318 51489 -117499
182343 44353 -128865
183814 49887 -121300
184387 51151 -120312
184324 51960 -120923
183283 52278 -124569
182347 51369 -126998
178073 44897 -137622
176214 41609 -141720
166083 9231 -169331
176929 21974 -140885
197307 44717 -90813
199588 46246 -87013
199975 46095 -87835
199569 45641 -91436
197992 45491 -98337
196568 44830 -102995
191765 38711 -118160
194270 40172 -114190
205015 40486 -106646
205037 44236 -86002
202497 37862 -95967
201485 35454 -100471
199975 32207 -107307
199821 31352 -111304
201466 30339 -112230
201253 28038 -113761
196216 41330 -119643
198539 39389 -123588
201872 38079 -128916
204199 39382 -132029
206336 41833 -133822
209164 43335 -133283
212397 43988 -131416
214648 44339 -129839
218565 44410 -125752
224257 43891 -116029
225250 44029 -113076
227892 44257 -107067
234011 44910 -97216
236737 44087 -95853
236911 42107 -98222
220056 39915 -109292
212143 44287 -93223
208960 42804 -93611
205208 40834 -104133
203407 42255 -105741
199533 43160 -111408
195152 41745 -119647
185951 12908 -147564
186750 14495 -146728
187036 25833 -145820
188425 32088 -143828
189488 37899 -139997
192270 41494 -133800
193586 42683 -129750
195802 41088 -122871
197498 36324 -119733
207649 45216 -73764
206968 45714 -73993
206313 46310 -71000
206880 47903 -64590
207337 46536 -67598
207445 45669 -70549
206945 56075 -65171
205261 57567 -72519
202969 58193 -80947
199845 57323 -90044
198414 55858 -94763
195495 52132 -104878
179664 17734 -152896
179518 16203 -153342
178671 25746 -152021
178312 28677 -151393
178511 34556 -148292
192330 50639 -103265
196396 54774 -89684
199163 58464 -80130
207543 61303 -67102
208859 60932 -68878
208902 61136 -72460
207668 60729 -78980
204652 58767 -88538
227098 65947 -64780
220428 65256 -70213
214384 63884 -76032
209381 62327 -83440
204801 60066 -92993
202301 58257 -98544
196287 52863 -111148
175601 17041 -156664
175701 16786 -155756
174299 16518 -154688
173332 24052 -149360
202010 45277 -64572
209152 49150 -49926
215275 52115 -38027
218141 53700 -33799
233698 63161 -31458
231410 62016 -35851
221438 58743 -37956
218991 56590 -34442
216584 55411 -35388
213832 54706 -41138
212603 54242 -45371
198959 52422 -87552
184230 63158 -82427
183852 63663 -83224
182874 62926 -85337
179443 59056 -93260
177413 57074 -96678
171279 51798 -105313
151620 7029 -150412
151381 5710 -150934
151059 5971 -151193
174448 31621 -98117
177859 36810 -88781
179626 39034 -85258
183323 42617 -79479
190372 46449 -74909
190622 45828 -78193
190467 44340 -82666
189382 42583 -88810
168278 35281 -117711
170025 39570 -108246
169916 41433 -107626
169527 42329 -107673
181313 47741 -112712
210450 27132 -150387
205804 12524 -172120
206103 11934 -172355
206877 25410 -167824
209184 31858 -163253
210711 35150 -160096
218633 52048 -119694
219129 53492 -115758
219520 54652 -111408
219398 55418 -111931
217299 55001 -116269
214126 52095 -123050
211885 50083 -127094
200393 35792 -143976
183823 31476 -191219
182852 36193 -194215
177688 52704 -198031
177077 61549 -196721
178821 69604 -192446
180919 73504 -189165
185410 71398 -180398
187939 62980 -172411
188956 57444 -165312
186956 51292 -152437
187136 50131 -148682
188548 48150 -140282
191579 46015 -129959
195184 43640 -118878
198169 40752 -108388
199348 38883 -103315
201582 35751 -94119
203930 32575 -86010
205289 30753 -81784
207480 42867 -82762
209618 51298 -86268
210476 57641 -92590
210496 61241 -100842
210134 61536 -105787
206896 60585 -117349
197236 49296 -112279
198672 54561 -97035
199949 58648 -85824
200701 61646 -78581
200964 62565 -75508
200681 62864 -70833
200240 62052 -67975
198581 60924 -69106
197383 59684 -71118
194481 57283 -78740
183427 25958 -128589
217350 46774 -70245
217997 52531 -53343
218316 52322 -50347
219311 53231 -48128
220247 53852 -47737
221066 54546 -47245
194338 31533 -102026
191399 29927 -106998
189749 29561 -108998
182103 37709 -114607
180082 42052 -113227
177785 44890 -109921
176937 45804 -107281
178774 60029 -74169
171780 93283 -21288
168082 100670 -8499
165100 106128 3937
163363 108462 9520
159893 111954 19663
155831 115321 28020
150489 118518 35741
147803 119678 39523
143105 122003 46994
137914 122194 56170
106624 143124 48614
83330 157606 44552
77189 161155 43483
58274 173273 39585
70136 172685 39693
62226 198350 15048
58920 201502 11052
50937 204729 9156
44090 205824 10657
36887 205171 14253
33926 205100 16521
55287 142514 119856
53885 127480 139946
64023 131003 109863
70318 139337 82802
74472 155964 42947
73827 161485 35188
72958 166677 30681
71609 169931 28497
71363 173416 27930
71217 174614 27664
69358 178535 26618
67755 180256 26839
69594 163987 54645
70120 157288 65964
72557 146299 84676
74536 138016 99293
87879 115498 129890
90964 112765 132775
92118 111945 133728
93047 113214 133276
92670 118123 128683
91398 140483 103051
104721 162539 67386
107365 163088 64839
184351 35763 -151110
181615 36606 -154946
177984 36604 -159018
173591 36950 -162905
41625 69993 -234792
33866 62879 -238975
30008 59144 -240603
22609 51657 -243649
15772 44237 -247097
11410 37357 -249193
47084 -19957 -248832
38929 -25755 -247684
40787 -31276 -250009
40087 -30330 -248750
39194 -29897 -247543
38221 -30793 -247491
37925 -31123 -248060
37760 -31657 -248778
173565 -10648 -166727
175494 -11042 -164261
177300 -10395 -161303
179720 -6283 -156051
182851 -4295 -150714
184745 -3233 -147475
188939 -516 -138935
196146 1947 -121010
204982 2937 -96508
208436 2867 -88430
210881 3188 -85214
211296 3464 -86338
194043 27291 -72556
117516 137176 20894
110617 143697 32900
96180 144459 69754
97572 141314 77678
118283 111355 89570
128492 98362 92324
137986 89821 92004
146792 85841 88403
150943 85911 85828
159000 88979 78743
117934 182829 9051
106034 190921 10182
102605 193231 10860
99454 195102 12052
96623 196889 13396
92052 200046 16762
89968 203148 20427
88419 204810 23383
86257 207689 24551
85300 208353 24333
85213 193859 39816
85286 181402 53289
86550 162614 73312
88662 151501 84517
92223 148033 83704
93220 149329 79691
90535 155516 58317
88480 135283 88055
88124 126845 99507
88433 123214 104394
89307 116077 112786
90369 111521 119511
94804 100481 128906
98984 97031 128478
104519 95055 126097
107729 94873 123535
113596 97256 115310
118809 103149 103622
56559 120259 98889
49131 110614 109005
49550 105895 113354
75748 79836 126199
96113 65521 134009
104799 62356 136233
119499 64213 137725
153595 144224 91818
202410 30775 100327
206209 23178 101211
213594 11942 102577
221040 6275 103229
228596 7645 102510
236059 16231 99456
239402 22377 97149
226709 101639 90683
212893 80939 103545
207881 73822 107552
200625 66579 111576
195031 67906 111394
191012 75222 108808
150721 139244 66657
123530 155537 66592
113731 158515 68704
104503 160456 70479
105370 156843 67976
156498 76167 86030
154936 77222 93201
153095 79045 104573
152819 81134 113654
153602 83578 119782
158187 85393 130687
162643 83660 133094
167705 82718 133269
173371 84771 129522
176449 87750 126382
180404 96124 115595
37066 173810 49833
31007 175183 50879
20290 178215 52041
-5930 182251 60412
-10139 181519 62985
-17841 180451 68426
-25209 178789 74073
-31141 177113 79578
-48402 178716 90311
-50417 181502 89085
-90054 167390 724
-107957 160390 -37986
-121364 156867 -65477
-130691 156064 -84631
-124679 189685 -119869
-123794 189525 -122286
-129228 186922 -129890
-132193 186134 -131726
-132994 185667 -132810
-133436 183823 -136604
-133062 181521 -142163
-131051 179027 -148021
-129342 175852 -154213
-128699 174495 -157137
-128357 171848 -162608
-128508 168621 -167453
-128398 166160 -171584
-187343 149562 -163557
-188976 148642 -162762
-204147 140777 -156785
-207684 138645 -157492
-208274 137740 -158880
-208789 136572 -160545
-199632 137469 -152196
-191562 137228 -147687
-176810 133346 -141341
-171811 128518 -139952
-170135 127978 -139933
-163291 129527 -140694
-158995 134107 -137842
-157796 135794 -136212
-122862 154618 -48028
-105724 159453 -10372
-103233 159696 -4425
-99597 160236 5837
-98501 160284 14463
-99434 158774 21048
-103045 156652 24918
-105549 148635 34264
-103090 147410 36968
-101700 148270 37003
-100861 150448 35399
-100040 153155 32128
-100228 156203 26913
-125486 159445 -55027
-135031 155882 -65813
-136992 154438 -65201
-138269 153060 -65482
-138478 151846 -67684
-138282 150279 -71649
-139222 147188 -85183
-140270 145965 -84660
-141894 144107 -84590
-142809 142817 -86448
-143867 141772 -90196
-144558 139651 -93022
-145552 135654 -99382
-145583 133848 -103010
-145465 131033 -109457
-144756 128729 -115584
-144860 126120 -121063
-144809 123186 -126167
-141505 120223 -134366
-140684 122290 -132021
-148628 120520 -116887
-154228 116967 -112058
-159358 114816 -108689
-158938 115164 -109803
-157971 115618 -110928
-153123 115630 -121884
-153333 115201 -123149
-153452 113710 -125073
-152945 112621 -126239
-127004 114757 -4616
-128588 118105 4144
-129491 120939 11545
-120373 131952 47653
-118786 132470 52797
-115948 134450 58085
-112689 138273 62453
-106977 144593 65806
-101198 151514 67726
-98073 154549 67811
-91203 159896 66439
-174072 195153 34540
-190396 197948 31760
-209907 202901 26064
-219998 206862 22786
-242454 216614 16301
5539 58889 -268137
13520 24216 -277189
18620 15836 -276750
28579 -23980 -273670
29390 -32947 -272453
29766 -37829 -271697
55585 -92100 -233453
59811 -87263 -231196
-22140 58756 -182644
-27826 63126 -180055
-31486 66546 -178524
-33734 69090 -177238
-48997 77763 -175756
-53488 77106 -176685
-58610 74562 -177212
-59683 73566 -177560
-60248 72246 -178090
-97484 118216 -149132
-93958 118850 -151595
-90415 119335 -154324
-88863 119343 -155734
-85811 119066 -157962
-83530 119426 -159274
-81587 120263 -160410
-79331 121702 -160698
-78264 122689 -160636
-75718 125021 -160177
-72925 127501 -159405
-69886 129821 -157969
-59579 125114 -170658
-56556 121046 -179616
-53782 118279 -186869
-34555 109122 -207700
-32111 107407 -209562
-27482 102502 -213405
-22775 96506 -217192
